# Optical depths for the lower uncertainties for the paper "Extragalactic background light inferred from AEGIS galaxy-SED-type fractions", A. Dominguez et al., 2011, MNRAS, 410, 2556
# Distance: z(source) = [ 0.01, 0.02526316, 0.04052632, 0.05578947, 0.07105263, 0.08631579, 0.10157895, 0.11684211, 0.13210526,  0.14736842,    0.16263158, 0.17789474,  0.19315789,  0.20842105,  0.22368421,        0.23894737, 0.25421053,  0.26947368,  0.28473684, 0.3 ,  0.35,  0.4 , 0.45,  0.5 ,  0.55,  0.6 ,  0.65,  0.7 ,  0.75,  0.8 ,  0.85,  0.9 ,   0.95,  1.,1.2,1.4,1.6,1.8,2.]
# EBL model file: ebl_lower_uncertainties_dominguez11.out
# h=0.7
# E [TeV]	tau
2.999999999999999889e-02 2.142059999999999952e-06 5.645479999999999860e-06 9.177000000000000397e-06 1.378959999999999923e-05 1.990469999999999935e-05 2.669830000000000152e-05 3.333050000000000216e-05 4.229399999999999859e-05 5.428749999999999819e-05 6.793420000000000426e-05 8.345369999999999687e-05 1.022209999999999959e-04 1.253700000000000008e-04 1.532720000000000057e-04 1.895499999999999995e-04 2.232830000000000101e-04 2.743220000000000207e-04 3.312109999999999837e-04 4.020590000000000210e-04 4.762470000000000093e-04 8.206790000000000482e-04 1.349850000000000095e-03 2.102300000000000089e-03 3.140539999999999825e-03 4.458010000000000098e-03 6.178839999999999680e-03 8.252479999999999538e-03 1.077490000000000045e-02 1.364429999999999983e-02 1.671769999999999853e-02 2.078150000000000136e-02 2.457240000000000119e-02 2.828900000000000164e-02 3.356089999999999768e-02 5.181949999999999751e-02 7.377960000000000074e-02 9.468310000000000615e-02 1.153519999999999962e-01 1.351880000000000026e-01
3.454190000000000038e-02 6.783570000000000173e-06 1.753239999999999836e-05 3.040729999999999938e-05 4.730760000000000087e-05 6.658060000000000421e-05 8.706050000000000442e-05 1.113799999999999941e-04 1.425940000000000107e-04 1.779159999999999954e-04 2.162999999999999992e-04 2.642480000000000219e-04 3.218319999999999775e-04 3.906420000000000183e-04 4.702549999999999894e-04 5.533619999999999511e-04 6.653950000000000489e-04 7.888170000000000338e-04 9.382639999999999600e-04 1.093680000000000086e-03 1.280689999999999910e-03 2.097050000000000042e-03 3.196009999999999997e-03 4.649900000000000214e-03 6.558050000000000164e-03 9.016609999999999556e-03 1.191990000000000063e-02 1.549449999999999959e-02 1.937269999999999964e-02 2.377260000000000137e-02 2.905920000000000031e-02 3.477399999999999936e-02 3.947889999999999733e-02 4.673229999999999745e-02 5.289399999999999658e-02 7.974150000000000682e-02 1.084549999999999959e-01 1.361739999999999895e-01 1.628719999999999890e-01 1.893489999999999895e-01
3.977130000000000248e-02 1.698040000000000093e-05 4.609380000000000242e-05 8.396450000000000560e-05 1.278619999999999898e-04 1.754760000000000120e-04 2.315949999999999942e-04 3.008530000000000145e-04 3.798229999999999987e-04 4.648890000000000140e-04 5.635119999999999539e-04 6.877380000000000212e-04 8.273650000000000448e-04 9.816390000000000792e-04 1.162379999999999967e-03 1.366210000000000081e-03 1.608190000000000010e-03 1.872380000000000095e-03 2.173480000000000203e-03 2.510989999999999837e-03 2.888190000000000115e-03 4.362109999999999772e-03 6.395719999999999704e-03 9.007370000000000654e-03 1.222570000000000080e-02 1.611780000000000157e-02 2.072219999999999965e-02 2.590989999999999960e-02 3.167450000000000127e-02 3.849709999999999938e-02 4.592090000000000061e-02 5.310510000000000230e-02 6.121979999999999783e-02 7.028310000000000113e-02 7.751669999999999394e-02 1.148860000000000020e-01 1.509040000000000104e-01 1.887709999999999944e-01 2.241029999999999966e-01 2.564029999999999920e-01
4.579249999999999987e-02 3.995670000000000320e-05 1.144510000000000059e-04 2.007180000000000119e-04 2.965450000000000009e-04 4.064590000000000195e-04 5.412839999999999492e-04 6.925689999999999754e-04 8.602110000000000485e-04 1.047849999999999910e-03 1.271970000000000088e-03 1.527380000000000057e-03 1.804169999999999906e-03 2.115679999999999991e-03 2.459900000000000107e-03 2.884090000000000178e-03 3.317660000000000053e-03 3.815240000000000124e-03 4.357869999999999799e-03 4.958960000000000104e-03 5.624380000000000004e-03 8.264570000000000596e-03 1.154780000000000043e-02 1.559609999999999989e-02 2.045790000000000108e-02 2.619020000000000029e-02 3.282929999999999876e-02 4.012999999999999901e-02 4.875519999999999854e-02 5.794149999999999995e-02 6.771870000000000667e-02 7.712779999999999636e-02 8.924169999999999325e-02 9.958809999999999885e-02 1.105890000000000067e-01 1.587429999999999952e-01 2.063949999999999951e-01 2.558270000000000266e-01 3.032340000000000035e-01 3.466500000000000137e-01
5.272530000000000272e-02 9.158880000000000645e-05 2.463930000000000243e-04 4.186990000000000243e-04 6.127520000000000449e-04 8.474770000000000176e-04 1.112369999999999895e-03 1.402169999999999892e-03 1.718829999999999967e-03 2.092130000000000205e-03 2.513169999999999901e-03 2.967360000000000050e-03 3.466219999999999891e-03 4.025489999999999624e-03 4.662969999999999789e-03 5.343139999999999695e-03 6.088679999999999960e-03 6.910430000000000392e-03 7.794139999999999749e-03 8.791580000000000228e-03 9.845190000000000191e-03 1.374809999999999921e-02 1.874400000000000024e-02 2.473919999999999939e-02 3.180240000000000150e-02 3.986329999999999735e-02 4.898570000000000008e-02 5.932849999999999929e-02 7.071139999999999370e-02 8.275760000000000061e-02 9.469270000000000465e-02 1.091860000000000053e-01 1.236980000000000024e-01 1.359509999999999885e-01 1.533779999999999866e-01 2.126129999999999964e-01 2.791250000000000120e-01 3.427209999999999979e-01 4.067640000000000144e-01 4.701890000000000236e-01
6.070770000000000333e-02 1.728669999999999968e-04 4.577779999999999935e-04 7.726210000000000282e-04 1.144199999999999948e-03 1.565910000000000002e-03 2.025279999999999962e-03 2.527960000000000103e-03 3.096779999999999932e-03 3.737330000000000079e-03 4.434310000000000335e-03 5.174200000000000327e-03 5.995770000000000093e-03 6.924600000000000373e-03 7.935029999999999167e-03 8.995309999999999417e-03 1.014950000000000054e-02 1.140129999999999963e-02 1.278800000000000076e-02 1.423289999999999972e-02 1.578680000000000014e-02 2.172870000000000010e-02 2.877949999999999953e-02 3.709760000000000141e-02 4.672020000000000339e-02 5.768039999999999973e-02 6.998150000000000204e-02 8.376849999999999574e-02 9.842900000000000260e-02 1.137949999999999934e-01 1.306360000000000021e-01 1.496500000000000052e-01 1.662289999999999879e-01 1.861059999999999937e-01 2.064030000000000031e-01 2.860260000000000025e-01 3.742369999999999863e-01 4.592310000000000003e-01 5.491369999999999862e-01 6.374739999999999851e-01
6.989860000000000517e-02 2.941150000000000123e-04 7.730449999999999822e-04 1.328270000000000102e-03 1.951480000000000012e-03 2.631220000000000087e-03 3.366329999999999843e-03 4.188759999999999706e-03 5.111550000000000295e-03 6.102609999999999632e-03 7.172150000000000400e-03 8.317110000000000822e-03 9.615469999999999226e-03 1.099080000000000022e-02 1.242500000000000028e-02 1.403390000000000019e-02 1.571470000000000158e-02 1.758420000000000122e-02 1.950249999999999900e-02 2.156749999999999987e-02 2.379399999999999918e-02 3.193850000000000161e-02 4.161800000000000221e-02 5.300440000000000013e-02 6.605700000000000460e-02 8.079200000000000270e-02 9.710199999999999387e-02 1.151609999999999995e-01 1.340349999999999875e-01 1.548519999999999897e-01 1.779310000000000058e-01 2.011610000000000065e-01 2.231339999999999990e-01 2.519330000000000180e-01 2.748220000000000107e-01 3.869380000000000042e-01 5.016530000000000156e-01 6.228139999999999787e-01 7.439270000000000049e-01 8.625500000000000389e-01
8.048089999999999411e-02 4.618719999999999987e-04 1.248329999999999969e-03 2.128119999999999838e-03 3.085389999999999921e-03 4.111730000000000072e-03 5.255110000000000336e-03 6.523929999999999833e-03 7.882089999999999583e-03 9.322719999999999618e-03 1.091349999999999959e-02 1.262220000000000009e-02 1.447859999999999946e-02 1.642829999999999985e-02 1.853830000000000061e-02 2.075520000000000143e-02 2.321099999999999899e-02 2.573189999999999852e-02 2.843839999999999910e-02 3.131479999999999680e-02 3.434929999999999928e-02 4.560430000000000039e-02 5.886659999999999809e-02 7.413809999999999845e-02 9.150099999999999900e-02 1.111710000000000059e-01 1.328390000000000126e-01 1.563130000000000075e-01 1.823110000000000008e-01 2.108389999999999986e-01 2.412160000000000137e-01 2.681819999999999760e-01 3.048170000000000046e-01 3.382609999999999784e-01 3.671200000000000019e-01 5.219000000000000306e-01 6.732339999999999991e-01 8.430400000000000116e-01 1.006110000000000060e+00 1.156809999999999894e+00
9.266530000000000600e-02 7.245350000000000011e-04 1.926210000000000032e-03 3.228579999999999992e-03 4.618589999999999675e-03 6.157039999999999909e-03 7.845519999999999924e-03 9.659469999999999862e-03 1.157809999999999916e-02 1.366949999999999936e-02 1.594840000000000146e-02 1.837549999999999947e-02 2.093489999999999934e-02 2.366450000000000151e-02 2.664089999999999861e-02 2.978940000000000060e-02 3.310040000000000204e-02 3.656140000000000084e-02 4.029599999999999849e-02 4.423939999999999817e-02 4.845270000000000132e-02 6.379210000000000436e-02 8.165780000000000260e-02 1.022450000000000025e-01 1.260650000000000104e-01 1.524459999999999982e-01 1.820640000000000036e-01 2.140009999999999968e-01 2.499359999999999915e-01 2.875130000000000186e-01 3.250790000000000068e-01 3.670010000000000217e-01 4.145449999999999968e-01 4.522950000000000026e-01 5.059679999999999733e-01 7.016980000000000439e-01 9.171049999999999480e-01 1.137059999999999960e+00 1.354479999999999906e+00 1.560489999999999933e+00
1.066939999999999972e-01 1.076989999999999892e-03 2.822229999999999791e-03 4.676269999999999732e-03 6.710589999999999784e-03 8.953839999999999369e-03 1.135139999999999934e-02 1.386989999999999924e-02 1.664010000000000142e-02 1.963099999999999914e-02 2.282179999999999973e-02 2.619490000000000013e-02 2.978650000000000048e-02 3.365649999999999892e-02 3.772600000000000259e-02 4.215119999999999978e-02 4.665369999999999934e-02 5.158870000000000122e-02 5.679519999999999708e-02 6.236579999999999901e-02 6.808459999999999512e-02 8.910160000000000302e-02 1.139109999999999984e-01 1.425800000000000123e-01 1.750470000000000081e-01 2.109429999999999916e-01 2.514000000000000123e-01 2.954039999999999999e-01 3.428470000000000129e-01 3.920120000000000271e-01 4.430359999999999854e-01 5.038019999999999721e-01 5.598790000000000155e-01 6.165329999999999977e-01 6.868090000000000028e-01 9.405480000000000507e-01 1.234779999999999989e+00 1.515730000000000022e+00 1.800740000000000007e+00 2.075600000000000112e+00
1.228469999999999979e-01 1.550539999999999991e-03 4.024429999999999848e-03 6.710110000000000033e-03 9.680130000000000332e-03 1.285659999999999928e-02 1.620629999999999987e-02 1.984870000000000037e-02 2.381230000000000152e-02 2.801609999999999864e-02 3.244500000000000162e-02 3.722709999999999908e-02 4.235389999999999988e-02 4.782959999999999989e-02 5.357359999999999900e-02 5.955389999999999989e-02 6.608719999999999872e-02 7.291759999999999908e-02 8.019959999999999589e-02 8.772679999999999367e-02 9.574149999999999328e-02 1.256909999999999972e-01 1.598920000000000063e-01 1.988360000000000127e-01 2.431020000000000125e-01 2.932980000000000032e-01 3.477000000000000091e-01 4.078049999999999731e-01 4.688629999999999742e-01 5.337600000000000122e-01 6.092389999999999750e-01 6.861930000000000529e-01 7.507230000000000292e-01 8.455179999999999918e-01 9.248309999999999587e-01 1.275609999999999911e+00 1.647980000000000000e+00 2.017380000000000173e+00 2.376059999999999839e+00 2.731279999999999930e+00
1.414459999999999884e-01 2.198229999999999802e-03 5.768920000000000298e-03 9.721850000000000630e-03 1.395970000000000023e-02 1.843030000000000015e-02 2.326109999999999983e-02 2.855030000000000068e-02 3.416609999999999786e-02 4.005170000000000258e-02 4.631339999999999762e-02 5.326209999999999972e-02 6.048200000000000104e-02 6.811549999999999550e-02 7.627849999999999908e-02 8.477819999999999800e-02 9.402670000000000472e-02 1.036440000000000000e-01 1.138139999999999985e-01 1.245669999999999972e-01 1.358560000000000045e-01 1.761060000000000125e-01 2.241549999999999931e-01 2.786500000000000088e-01 3.393459999999999810e-01 4.066250000000000142e-01 4.800590000000000135e-01 5.574310000000000098e-01 6.386880000000000335e-01 7.321870000000000323e-01 8.289870000000000294e-01 9.193210000000000548e-01 1.024510000000000032e+00 1.136549999999999949e+00 1.225959999999999939e+00 1.698269999999999946e+00 2.157169999999999810e+00 2.645270000000000010e+00 3.100130000000000052e+00 3.509279999999999955e+00
1.628600000000000048e-01 3.181180000000000032e-03 8.474880000000000607e-03 1.414499999999999959e-02 2.013039999999999968e-02 2.656419999999999962e-02 3.361669999999999936e-02 4.111490000000000283e-02 4.902719999999999995e-02 5.744040000000000257e-02 6.650549999999999518e-02 7.628690000000000471e-02 8.639170000000000182e-02 9.710180000000000200e-02 1.084139999999999965e-01 1.208439999999999931e-01 1.335199999999999998e-01 1.470470000000000110e-01 1.610229999999999995e-01 1.758939999999999948e-01 1.915380000000000138e-01 2.492399999999999893e-01 3.140260000000000273e-01 3.873110000000000164e-01 4.690139999999999865e-01 5.575879999999999725e-01 6.544689999999999674e-01 7.558380000000000098e-01 8.720059999999999478e-01 9.899080000000000101e-01 1.110999999999999988e+00 1.227649999999999908e+00 1.375420000000000087e+00 1.500320000000000098e+00 1.638779999999999903e+00 2.226789999999999825e+00 2.818709999999999827e+00 3.416900000000000048e+00 3.982369999999999965e+00 4.484070000000000000e+00
1.875169999999999892e-01 4.703960000000000086e-03 1.229419999999999992e-02 2.031540000000000082e-02 2.885039999999999827e-02 3.825449999999999684e-02 4.826889999999999653e-02 5.883379999999999860e-02 6.992270000000000429e-02 8.203169999999999906e-02 9.488639999999999575e-02 1.083790000000000031e-01 1.224859999999999977e-01 1.375510000000000066e-01 1.537989999999999913e-01 1.705190000000000039e-01 1.881809999999999872e-01 2.068069999999999908e-01 2.260800000000000032e-01 2.469979999999999953e-01 2.684730000000000172e-01 3.438220000000000165e-01 4.326030000000000153e-01 5.313930000000000042e-01 6.407880000000000242e-01 7.588099999999999845e-01 8.853269999999999751e-01 1.023320000000000007e+00 1.168549999999999978e+00 1.317600000000000104e+00 1.461370000000000058e+00 1.637240000000000029e+00 1.806740000000000013e+00 1.955889999999999906e+00 2.157179999999999875e+00 2.861959999999999837e+00 3.621750000000000025e+00 4.330659999999999954e+00 5.015830000000000233e+00 5.638110000000000177e+00
2.159059999999999868e-01 6.676009999999999583e-03 1.734660000000000021e-02 2.861160000000000092e-02 4.099409999999999860e-02 5.424380000000000174e-02 6.816469999999999474e-02 8.283119999999999372e-02 9.864259999999999695e-02 1.155499999999999999e-01 1.332859999999999878e-01 1.517030000000000045e-01 1.713919999999999888e-01 1.924790000000000112e-01 2.146289999999999865e-01 2.372879999999999989e-01 2.614810000000000190e-01 2.866699999999999804e-01 3.137360000000000149e-01 3.408269999999999911e-01 3.695970000000000089e-01 4.747730000000000006e-01 5.910290000000000266e-01 7.202739999999999698e-01 8.615099999999999980e-01 1.015640000000000098e+00 1.178930000000000033e+00 1.355460000000000109e+00 1.535940000000000083e+00 1.715780000000000083e+00 1.918970000000000065e+00 2.134240000000000137e+00 2.322439999999999838e+00 2.547829999999999817e+00 2.771549999999999958e+00 3.654920000000000169e+00 4.565970000000000084e+00 5.414520000000000444e+00 6.215880000000000294e+00 6.955659999999999954e+00
2.485930000000000084e-01 9.267920000000000672e-03 2.400860000000000147e-02 4.010690000000000088e-02 5.736829999999999707e-02 7.553279999999999716e-02 9.459099999999999453e-02 1.150370000000000004e-01 1.370240000000000069e-01 1.598789999999999933e-01 1.838650000000000007e-01 2.090480000000000116e-01 2.360690000000000011e-01 2.642410000000000037e-01 2.933370000000000144e-01 3.245100000000000207e-01 3.565710000000000268e-01 3.909750000000000170e-01 4.259120000000000128e-01 4.624340000000000117e-01 5.009019999999999584e-01 6.355199999999999738e-01 7.869289999999999896e-01 9.558969999999999967e-01 1.138980000000000103e+00 1.334440000000000071e+00 1.541260000000000074e+00 1.759600000000000053e+00 1.977850000000000108e+00 2.217070000000000096e+00 2.470660000000000078e+00 2.718039999999999790e+00 2.957790000000000141e+00 3.245099999999999874e+00 3.493660000000000210e+00 4.583639999999999937e+00 5.642120000000000246e+00 6.666890000000000427e+00 7.574819999999999887e+00 8.399330000000000851e+00
2.862290000000000112e-01 1.256750000000000055e-02 3.320889999999999953e-02 5.531710000000000099e-02 7.863779999999999382e-02 1.030490000000000017e-01 1.293060000000000043e-01 1.572350000000000136e-01 1.863779999999999881e-01 2.166820000000000135e-01 2.490880000000000039e-01 2.827970000000000206e-01 3.187070000000000181e-01 3.556560000000000277e-01 3.945480000000000098e-01 4.349430000000000240e-01 4.780249999999999777e-01 5.218540000000000401e-01 5.678149999999999586e-01 6.157169999999999588e-01 6.651000000000000245e-01 8.407740000000000213e-01 1.035179999999999989e+00 1.246960000000000068e+00 1.475139999999999896e+00 1.718930000000000069e+00 1.973219999999999974e+00 2.234949999999999992e+00 2.518320000000000114e+00 2.817140000000000200e+00 3.116699999999999804e+00 3.391300000000000203e+00 3.729190000000000005e+00 4.041070000000000384e+00 4.329609999999999737e+00 5.637360000000000149e+00 6.853040000000000020e+00 8.035629999999999384e+00 9.080429999999999779e+00 9.951549999999999230e+00
3.295620000000000216e-01 1.730599999999999847e-02 4.520609999999999906e-02 7.462080000000000102e-02 1.053759999999999974e-01 1.382750000000000090e-01 1.731999999999999929e-01 2.097420000000000118e-01 2.477209999999999968e-01 2.878330000000000055e-01 3.304279999999999995e-01 3.744069999999999898e-01 4.203319999999999834e-01 4.682140000000000191e-01 5.188359999999999639e-01 5.711709999999999843e-01 6.254600000000000160e-01 6.815090000000000314e-01 7.400959999999999761e-01 8.006299999999999528e-01 8.639700000000000157e-01 1.084729999999999972e+00 1.326759999999999939e+00 1.589080000000000048e+00 1.871059999999999945e+00 2.168930000000000025e+00 2.481139999999999901e+00 2.808129999999999793e+00 3.153570000000000206e+00 3.500350000000000072e+00 3.835290000000000088e+00 4.202659999999999840e+00 4.583330000000000126e+00 4.920969999999999622e+00 5.318670000000000009e+00 6.784019999999999939e+00 8.210570000000000590e+00 9.498049999999999216e+00 1.066099999999999959e+01 1.164620000000000033e+01
3.794569999999999887e-01 2.289800000000000169e-02 5.938109999999999916e-02 9.745600000000000096e-02 1.379469999999999863e-01 1.810630000000000017e-01 2.261229999999999907e-01 2.727680000000000105e-01 3.221419999999999839e-01 3.740319999999999756e-01 4.282409999999999828e-01 4.842230000000000145e-01 5.427520000000000122e-01 6.039109999999999756e-01 6.674940000000000317e-01 7.336110000000000131e-01 8.015750000000000375e-01 8.724979999999999958e-01 9.464099999999999735e-01 1.022639999999999993e+00 1.100559999999999983e+00 1.372560000000000002e+00 1.670230000000000103e+00 1.992410000000000014e+00 2.332260000000000222e+00 2.689569999999999794e+00 3.066720000000000113e+00 3.457079999999999931e+00 3.855960000000000054e+00 4.251459999999999795e+00 4.655969999999999942e+00 5.096090000000000231e+00 5.510180000000000078e+00 5.919749999999999623e+00 6.364040000000000141e+00 8.016370000000000218e+00 9.617200000000000415e+00 1.101880000000000059e+01 1.228110000000000035e+01 1.335500000000000043e+01
4.369049999999999878e-01 2.938999999999999946e-02 7.578210000000000501e-02 1.248689999999999939e-01 1.770480000000000109e-01 2.315720000000000001e-01 2.880639999999999867e-01 3.476190000000000113e-01 4.101549999999999918e-01 4.751610000000000000e-01 5.425039999999999862e-01 6.126869999999999816e-01 6.861009999999999609e-01 7.623459999999999681e-01 8.408160000000000078e-01 9.215649999999999675e-01 1.005749999999999922e+00 1.092619999999999925e+00 1.182579999999999965e+00 1.274280000000000079e+00 1.369510000000000005e+00 1.703570000000000029e+00 2.060779999999999834e+00 2.441679999999999851e+00 2.845289999999999875e+00 3.269800000000000040e+00 3.708899999999999864e+00 4.161590000000000344e+00 4.610240000000000116e+00 5.063990000000000435e+00 5.558080000000000354e+00 6.039990000000000414e+00 6.482800000000000118e+00 6.998070000000000235e+00 7.472940000000000360e+00 9.327420000000000044e+00 1.105460000000000065e+01 1.259539999999999971e+01 1.390210000000000079e+01 1.505780000000000030e+01
5.030499999999999972e-01 3.668430000000000302e-02 9.509789999999999910e-02 1.572089999999999876e-01 2.221410000000000051e-01 2.894800000000000151e-01 3.599049999999999749e-01 4.339700000000000224e-01 5.108209999999999695e-01 5.905200000000000449e-01 6.728680000000000216e-01 7.596770000000000467e-01 8.488879999999999759e-01 9.409690000000000554e-01 1.036229999999999984e+00 1.134249999999999980e+00 1.236299999999999955e+00 1.341069999999999984e+00 1.448749999999999982e+00 1.559909999999999908e+00 1.673659999999999926e+00 2.062409999999999854e+00 2.485910000000000064e+00 2.934379999999999988e+00 3.403109999999999857e+00 3.890169999999999906e+00 4.391090000000000160e+00 4.894919999999999938e+00 5.403550000000000075e+00 5.949519999999999698e+00 6.487890000000000157e+00 6.998859999999999637e+00 7.542519999999999669e+00 8.083970000000000766e+00 8.572589999999999932e+00 1.062700000000000067e+01 1.245059999999999967e+01 1.412010000000000076e+01 1.551459999999999972e+01 1.665279999999999916e+01
5.792089999999999739e-01 4.533949999999999786e-02 1.179759999999999975e-01 1.939440000000000053e-01 2.727669999999999817e-01 3.548140000000000183e-01 4.409959999999999991e-01 5.304769999999999763e-01 6.228510000000000435e-01 7.186540000000000150e-01 8.179450000000000331e-01 9.219500000000000473e-01 1.027989999999999959e+00 1.137010000000000076e+00 1.249759999999999982e+00 1.367280000000000051e+00 1.486879999999999979e+00 1.609900000000000109e+00 1.735579999999999901e+00 1.864149999999999974e+00 1.996259999999999923e+00 2.456560000000000077e+00 2.940049999999999830e+00 3.450039999999999996e+00 3.982029999999999959e+00 4.527190000000000047e+00 5.085429999999999673e+00 5.652829999999999799e+00 6.246509999999999785e+00 6.832900000000000418e+00 7.413000000000000256e+00 7.976700000000000124e+00 8.580640000000000711e+00 9.144489999999999341e+00 9.712529999999999220e+00 1.189220000000000077e+01 1.385989999999999966e+01 1.558210000000000051e+01 1.704919999999999902e+01 1.826079999999999970e+01
6.668990000000000196e-01 5.525549999999999906e-02 1.425859999999999905e-01 2.332619999999999971e-01 3.272840000000000193e-01 4.260309999999999930e-01 5.283649999999999736e-01 6.340649999999999897e-01 7.428879999999999928e-01 8.562710000000000043e-01 9.733450000000000157e-01 1.094240000000000101e+00 1.217750000000000110e+00 1.345539999999999958e+00 1.477500000000000036e+00 1.611949999999999994e+00 1.750669999999999948e+00 1.891999999999999904e+00 2.036739999999999995e+00 2.186599999999999877e+00 2.338569999999999816e+00 2.850319999999999965e+00 3.401130000000000209e+00 3.974340000000000206e+00 4.569040000000000212e+00 5.176800000000000068e+00 5.796630000000000393e+00 6.429249999999999687e+00 7.063089999999999868e+00 7.695839999999999570e+00 8.304380000000000095e+00 8.955819999999999226e+00 9.585020000000000095e+00 1.017120000000000068e+01 1.080499999999999972e+01 1.308709999999999951e+01 1.517759999999999998e+01 1.695810000000000173e+01 1.851360000000000028e+01 1.981480000000000175e+01
7.678639999999999910e-01 6.515980000000000383e-02 1.676739999999999897e-01 2.737700000000000133e-01 3.848630000000000106e-01 4.998859999999999970e-01 6.185869999999999980e-01 7.405979999999999785e-01 8.675239999999999618e-01 9.984229999999999494e-01 1.132840000000000069e+00 1.270620000000000083e+00 1.412500000000000089e+00 1.558850000000000069e+00 1.708399999999999919e+00 1.861220000000000097e+00 2.017860000000000209e+00 2.177810000000000024e+00 2.342239999999999878e+00 2.507789999999999964e+00 2.676829999999999821e+00 3.259380000000000166e+00 3.865029999999999966e+00 4.494690000000000296e+00 5.143239999999999590e+00 5.807280000000000442e+00 6.478589999999999627e+00 7.159270000000000245e+00 7.836829999999999963e+00 8.495160000000000267e+00 9.183799999999999741e+00 9.866419999999999746e+00 1.050380000000000003e+01 1.116980000000000040e+01 1.181700000000000017e+01 1.424160000000000004e+01 1.642180000000000106e+01 1.829720000000000013e+01 1.993830000000000169e+01 2.134779999999999944e+01
8.841160000000000130e-01 7.514990000000000558e-02 1.928829999999999989e-01 3.157949999999999924e-01 4.431050000000000266e-01 5.742909999999999959e-01 7.090889999999999693e-01 8.487289999999999557e-01 9.926599999999999868e-01 1.140200000000000102e+00 1.291339999999999932e+00 1.446399999999999908e+00 1.605850000000000000e+00 1.769099999999999895e+00 1.935540000000000038e+00 2.106240000000000112e+00 2.279669999999999863e+00 2.457980000000000054e+00 2.638170000000000126e+00 2.822039999999999882e+00 3.009669999999999845e+00 3.639310000000000045e+00 4.300629999999999953e+00 4.986379999999999590e+00 5.686960000000000015e+00 6.397940000000000182e+00 7.115039999999999587e+00 7.835139999999999993e+00 8.539979999999999905e+00 9.266809999999999548e+00 9.988609999999999545e+00 1.069549999999999912e+01 1.137650000000000006e+01 1.208919999999999995e+01 1.274770000000000003e+01 1.532220000000000049e+01 1.759400000000000119e+01 1.963680000000000092e+01 2.138159999999999883e+01 2.286970000000000169e+01
1.017970000000000041e+00 8.479259999999999575e-02 2.187280000000000058e-01 3.573930000000000162e-01 5.002109999999999612e-01 6.467270000000000518e-01 7.983109999999999928e-01 9.541469999999999674e-01 1.113739999999999952e+00 1.276960000000000095e+00 1.444690000000000030e+00 1.615720000000000045e+00 1.791740000000000110e+00 1.970769999999999911e+00 2.153459999999999930e+00 2.339339999999999975e+00 2.530019999999999936e+00 2.722430000000000128e+00 2.918989999999999974e+00 3.118520000000000181e+00 3.320479999999999876e+00 4.004190000000000360e+00 4.712629999999999875e+00 5.440330000000000332e+00 6.182000000000000384e+00 6.933980000000000032e+00 7.686849999999999739e+00 8.436709999999999710e+00 9.205420000000000158e+00 9.970950000000000202e+00 1.072949999999999982e+01 1.144490000000000052e+01 1.221170000000000044e+01 1.293200000000000038e+01 1.362209999999999965e+01 1.637399999999999878e+01 1.879479999999999862e+01 2.100479999999999947e+01 2.289760000000000062e+01 2.445980000000000132e+01
1.172080000000000011e+00 9.493530000000000024e-02 2.437610000000000054e-01 3.970609999999999973e-01 5.540920000000000289e-01 7.160429999999999851e-01 8.824570000000000469e-01 1.052680000000000060e+00 1.226650000000000018e+00 1.404809999999999892e+00 1.587520000000000042e+00 1.773069999999999924e+00 1.962779999999999969e+00 2.156029999999999891e+00 2.352850000000000108e+00 2.553339999999999943e+00 2.756790000000000074e+00 2.963400000000000034e+00 3.173039999999999861e+00 3.385780000000000012e+00 3.602240000000000109e+00 4.326450000000000351e+00 5.074539999999999829e+00 5.841669999999999696e+00 6.622230000000000061e+00 7.411979999999999791e+00 8.207319999999999283e+00 9.011010000000000630e+00 9.818260000000000431e+00 1.061909999999999954e+01 1.139690000000000047e+01 1.219379999999999953e+01 1.299699999999999989e+01 1.372579999999999956e+01 1.453960000000000008e+01 1.742670000000000030e+01 2.009280000000000044e+01 2.244359999999999999e+01 2.449559999999999960e+01 2.624080000000000013e+01
1.349529999999999896e+00 1.038229999999999986e-01 2.660520000000000107e-01 4.322230000000000238e-01 6.031840000000000535e-01 7.786929999999999685e-01 9.581089999999999884e-01 1.141159999999999952e+00 1.328400000000000025e+00 1.519789999999999974e+00 1.715049999999999963e+00 1.913200000000000012e+00 2.115590000000000082e+00 2.321299999999999919e+00 2.530460000000000154e+00 2.743339999999999890e+00 2.958369999999999944e+00 3.177280000000000104e+00 3.399319999999999897e+00 3.623899999999999899e+00 3.850649999999999906e+00 4.611580000000000013e+00 5.396499999999999631e+00 6.202370000000000161e+00 7.020579999999999821e+00 7.849059999999999704e+00 8.691779999999999617e+00 9.539870000000000516e+00 1.039100000000000001e+01 1.123440000000000083e+01 1.207489999999999952e+01 1.294810000000000016e+01 1.377069999999999972e+01 1.459999999999999964e+01 1.544849999999999923e+01 1.855470000000000041e+01 2.146389999999999887e+01 2.398479999999999990e+01 2.622429999999999950e+01 2.816799999999999926e+01
1.553840000000000110e+00 1.116420000000000051e-01 2.852930000000000188e-01 4.635949999999999793e-01 6.465649999999999453e-01 8.335430000000000339e-01 1.023900000000000032e+00 1.218560000000000088e+00 1.417149999999999910e+00 1.619439999999999991e+00 1.824920000000000098e+00 2.034289999999999932e+00 2.247300000000000075e+00 2.463740000000000041e+00 2.683059999999999778e+00 2.905229999999999979e+00 3.130830000000000002e+00 3.359760000000000080e+00 3.591169999999999973e+00 3.825140000000000207e+00 4.062470000000000248e+00 4.860310000000000130e+00 5.680530000000000079e+00 6.522260000000000169e+00 7.384509999999999685e+00 8.265420000000000655e+00 9.157009999999999650e+00 1.006310000000000038e+01 1.096049999999999969e+01 1.186400000000000077e+01 1.279570000000000007e+01 1.371679999999999922e+01 1.457469999999999999e+01 1.554030000000000022e+01 1.641430000000000078e+01 1.982870000000000132e+01 2.295970000000000155e+01 2.575240000000000151e+01 2.817879999999999896e+01 3.034909999999999997e+01
1.789090000000000069e+00 1.180439999999999962e-01 3.020059999999999967e-01 4.907540000000000235e-01 6.835440000000000405e-01 8.798310000000000297e-01 1.080130000000000035e+00 1.284429999999999961e+00 1.492480000000000029e+00 1.703740000000000032e+00 1.918290000000000051e+00 2.137439999999999785e+00 2.359579999999999789e+00 2.584560000000000191e+00 2.813089999999999868e+00 3.044389999999999930e+00 3.280479999999999841e+00 3.518470000000000208e+00 3.759830000000000005e+00 4.004920000000000258e+00 4.252320000000000100e+00 5.080540000000000056e+00 5.944020000000000081e+00 6.834039999999999893e+00 7.746859999999999857e+00 8.682840000000000558e+00 9.635020000000000806e+00 1.059259999999999913e+01 1.155910000000000082e+01 1.256339999999999968e+01 1.356390000000000029e+01 1.451340000000000074e+01 1.553219999999999956e+01 1.653140000000000143e+01 1.742229999999999990e+01 2.122510000000000119e+01 2.458510000000000062e+01 2.774589999999999890e+01 3.047840000000000060e+01 3.278629999999999711e+01
2.059950000000000170e+00 1.238059999999999994e-01 3.168790000000000218e-01 5.139749999999999597e-01 7.146980000000000555e-01 9.192559999999999620e-01 1.128249999999999975e+00 1.340940000000000021e+00 1.556629999999999958e+00 1.775970000000000049e+00 1.999330000000000052e+00 2.227289999999999992e+00 2.457260000000000222e+00 2.690679999999999961e+00 2.927919999999999856e+00 3.170430000000000081e+00 3.414429999999999854e+00 3.662619999999999987e+00 3.913940000000000197e+00 4.167830000000000368e+00 4.427340000000000053e+00 5.304700000000000415e+00 6.211509999999999643e+00 7.152529999999999610e+00 8.126189999999999358e+00 9.119899999999999451e+00 1.014240000000000030e+01 1.117730000000000068e+01 1.224990000000000023e+01 1.331789999999999985e+01 1.438729999999999976e+01 1.543979999999999997e+01 1.656800000000000139e+01 1.760140000000000171e+01 1.868519999999999825e+01 2.279670000000000130e+01 2.661139999999999972e+01 3.010829999999999984e+01 3.323980000000000246e+01 3.600769999999999982e+01
2.371809999999999974e+00 1.289520000000000111e-01 3.292829999999999924e-01 5.333430000000000115e-01 7.412590000000000012e-01 9.538769999999999749e-01 1.170360000000000067e+00 1.390279999999999960e+00 1.613690000000000069e+00 1.842030000000000056e+00 2.074050000000000171e+00 2.310270000000000046e+00 2.549329999999999874e+00 2.793200000000000127e+00 3.041139999999999954e+00 3.293190000000000062e+00 3.548620000000000108e+00 3.808889999999999887e+00 4.072449999999999903e+00 4.342769999999999797e+00 4.615230000000000388e+00 5.530879999999999797e+00 6.497740000000000293e+00 7.503120000000000012e+00 8.547750000000000625e+00 9.620680000000000121e+00 1.072199999999999953e+01 1.185309999999999953e+01 1.300309999999999988e+01 1.416590000000000060e+01 1.530620000000000047e+01 1.653979999999999961e+01 1.773669999999999902e+01 1.884420000000000073e+01 2.011680000000000135e+01 2.459209999999999852e+01 2.903259999999999863e+01 3.300719999999999743e+01 3.675220000000000198e+01 4.034409999999999741e+01
2.730890000000000040e+00 1.332460000000000033e-01 3.400090000000000057e-01 5.508229999999999515e-01 7.667979999999999796e-01 9.868120000000000225e-01 1.210599999999999898e+00 1.438050000000000050e+00 1.671570000000000000e+00 1.909149999999999903e+00 2.150409999999999933e+00 2.396329999999999849e+00 2.646619999999999973e+00 2.902470000000000105e+00 3.162819999999999965e+00 3.425499999999999989e+00 3.695679999999999854e+00 3.969580000000000108e+00 4.249530000000000030e+00 4.531880000000000130e+00 4.818920000000000314e+00 5.804400000000000226e+00 6.830569999999999808e+00 7.901110000000000078e+00 9.020889999999999631e+00 1.018420000000000059e+01 1.137700000000000067e+01 1.261129999999999995e+01 1.386030000000000051e+01 1.511669999999999980e+01 1.644330000000000069e+01 1.780270000000000152e+01 1.903900000000000148e+01 2.045289999999999964e+01 2.177939999999999898e+01 2.700890000000000057e+01 3.215659999999999741e+01 3.697299999999999898e+01 4.190460000000000207e+01 4.675699999999999790e+01
3.144340000000000135e+00 1.375010000000000121e-01 3.509820000000000162e-01 5.705230000000000024e-01 7.945309999999999873e-01 1.022720000000000073e+00 1.254850000000000021e+00 1.493689999999999962e+00 1.737219999999999986e+00 1.985090000000000021e+00 2.237560000000000215e+00 2.495750000000000135e+00 2.759180000000000188e+00 3.027880000000000127e+00 3.301429999999999865e+00 3.581249999999999822e+00 3.865050000000000097e+00 4.156279999999999752e+00 4.451430000000000220e+00 4.752930000000000099e+00 5.060389999999999944e+00 6.095439999999999969e+00 7.198400000000000354e+00 8.360340000000000771e+00 9.573949999999999960e+00 1.083530000000000015e+01 1.214310000000000045e+01 1.348930000000000007e+01 1.485560000000000080e+01 1.630870000000000175e+01 1.780440000000000111e+01 1.928910000000000124e+01 2.076640000000000086e+01 2.241339999999999932e+01 2.381790000000000163e+01 3.026060000000000016e+01 3.643990000000000151e+01 4.312760000000000105e+01 4.992240000000000322e+01 5.658740000000000236e+01
3.620379999999999932e+00 1.423230000000000051e-01 3.653100000000000236e-01 5.941020000000000190e-01 8.274139999999999828e-01 1.064939999999999998e+00 1.309220000000000050e+00 1.559330000000000105e+00 1.814419999999999922e+00 2.074500000000000011e+00 2.341089999999999893e+00 2.613599999999999923e+00 2.891980000000000217e+00 3.175419999999999909e+00 3.464469999999999938e+00 3.761449999999999960e+00 4.064049999999999940e+00 4.371629999999999683e+00 4.686989999999999768e+00 5.007869999999999600e+00 5.335270000000000401e+00 6.458499999999999908e+00 7.643589999999999662e+00 8.895949999999999136e+00 1.021490000000000009e+01 1.160190000000000055e+01 1.304379999999999917e+01 1.453850000000000087e+01 1.614179999999999993e+01 1.779459999999999908e+01 1.953600000000000136e+01 2.118359999999999843e+01 2.316150000000000020e+01 2.496630000000000038e+01 2.674919999999999831e+01 3.492629999999999768e+01 4.321249999999999858e+01 5.280610000000000070e+01 6.247449999999999903e+01 7.211650000000000205e+01
4.168490000000000251e+00 1.494020000000000070e-01 3.826379999999999781e-01 6.218630000000000546e-01 8.655779999999999585e-01 1.116069999999999895e+00 1.372940000000000049e+00 1.635350000000000081e+00 1.903829999999999911e+00 2.179419999999999913e+00 2.462029999999999941e+00 2.749509999999999899e+00 3.044130000000000003e+00 3.345709999999999962e+00 3.654970000000000052e+00 3.969259999999999788e+00 4.292510000000000048e+00 4.620680000000000121e+00 4.958849999999999980e+00 5.304570000000000007e+00 5.657919999999999838e+00 6.861130000000000173e+00 8.149079999999999657e+00 9.526799999999999713e+00 1.098980000000000068e+01 1.254609999999999914e+01 1.418829999999999991e+01 1.593629999999999924e+01 1.781350000000000122e+01 1.978460000000000107e+01 2.182000000000000028e+01 2.404019999999999868e+01 2.652039999999999864e+01 2.853519999999999968e+01 3.151490000000000080e+01 4.190520000000000067e+01 5.457399999999999807e+01 6.807160000000000366e+01 8.216599999999999682e+01 9.714010000000000389e+01
4.799579999999999735e+00 1.567840000000000067e-01 4.014579999999999815e-01 6.521099999999999675e-01 9.101029999999999953e-01 1.174600000000000088e+00 1.445549999999999891e+00 1.722760000000000069e+00 2.007849999999999913e+00 2.301270000000000149e+00 2.601539999999999964e+00 2.906789999999999985e+00 3.221999999999999975e+00 3.545230000000000103e+00 3.876500000000000057e+00 4.215919999999999668e+00 4.561639999999999695e+00 4.918180000000000440e+00 5.284500000000000419e+00 5.659469999999999779e+00 6.041859999999999786e+00 7.366179999999999950e+00 8.793100000000000804e+00 1.033230000000000004e+01 1.199130000000000074e+01 1.376929999999999943e+01 1.571400000000000041e+01 1.783099999999999952e+01 2.011980000000000146e+01 2.263060000000000116e+01 2.528040000000000020e+01 2.845050000000000168e+01 3.139870000000000161e+01 3.475970000000000226e+01 3.853130000000000166e+01 5.329200000000000159e+01 7.203079999999999927e+01 9.107680000000000575e+01 1.125280000000000058e+02 1.344780000000000086e+02
5.526209999999999845e+00 1.651489999999999903e-01 4.223970000000000224e-01 6.884439999999999449e-01 9.621929999999999650e-01 1.242669999999999941e+00 1.529619999999999980e+00 1.825839999999999907e+00 2.130840000000000067e+00 2.444749999999999979e+00 2.765130000000000088e+00 3.094739999999999824e+00 3.435480000000000089e+00 3.785299999999999887e+00 4.141049999999999898e+00 4.509680000000000355e+00 4.886680000000000135e+00 5.279090000000000060e+00 5.677529999999999966e+00 6.088519999999999932e+00 6.513510000000000133e+00 7.989289999999999559e+00 9.597839999999999705e+00 1.136630000000000074e+01 1.332049999999999912e+01 1.550029999999999930e+01 1.789000000000000057e+01 2.061609999999999943e+01 2.355890000000000128e+01 2.697929999999999851e+01 3.076310000000000144e+01 3.511449999999999960e+01 3.896949999999999648e+01 4.466100000000000136e+01 4.909980000000000189e+01 7.227469999999999573e+01 9.828979999999999961e+01 1.268880000000000052e+02 1.575560000000000116e+02 1.888139999999999930e+02
6.362849999999999895e+00 1.744010000000000005e-01 4.485810000000000075e-01 7.330109999999999681e-01 1.025030000000000108e+00 1.323800000000000088e+00 1.632660000000000000e+00 1.951840000000000019e+00 2.281250000000000000e+00 2.619159999999999933e+00 2.967239999999999878e+00 3.328920000000000101e+00 3.701119999999999965e+00 4.082239999999999647e+00 4.476910000000000167e+00 4.880429999999999602e+00 5.306300000000000239e+00 5.739349999999999952e+00 6.186630000000000074e+00 6.652210000000000178e+00 7.131330000000000169e+00 8.817030000000000811e+00 1.071690000000000076e+01 1.285590000000000011e+01 1.526950000000000074e+01 1.804540000000000077e+01 2.117909999999999826e+01 2.480859999999999843e+01 2.899660000000000082e+01 3.379749999999999943e+01 3.946620000000000061e+01 4.490870000000000317e+01 5.194890000000000185e+01 5.913150000000000261e+01 6.490420000000000300e+01 9.968649999999999523e+01 1.356539999999999964e+02 1.785000000000000000e+02 2.208170000000000073e+02 2.617719999999999914e+02
7.326159999999999783e+00 1.875350000000000072e-01 4.834459999999999869e-01 7.893510000000000248e-01 1.103019999999999889e+00 1.427599999999999980e+00 1.765269999999999895e+00 2.114009999999999945e+00 2.472319999999999851e+00 2.843109999999999804e+00 3.230459999999999887e+00 3.632480000000000153e+00 4.043849999999999945e+00 4.471099999999999852e+00 4.916089999999999627e+00 5.382769999999999833e+00 5.858410000000000117e+00 6.355949999999999989e+00 6.876490000000000435e+00 7.412300000000000111e+00 7.984029999999999738e+00 1.002030000000000065e+01 1.234750000000000014e+01 1.505579999999999963e+01 1.825230000000000175e+01 2.193140000000000001e+01 2.639760000000000062e+01 3.143009999999999948e+01 3.758290000000000219e+01 4.443099999999999739e+01 5.237299999999999756e+01 6.065109999999999957e+01 7.120539999999999736e+01 7.987330000000000041e+01 9.162009999999999366e+01 1.386100000000000136e+02 1.921279999999999859e+02 2.503220000000000027e+02 3.085649999999999977e+02 3.647830000000000155e+02
8.435309999999999420e+00 2.046800000000000008e-01 5.266819999999999835e-01 8.592919999999999447e-01 1.204329999999999901e+00 1.564589999999999925e+00 1.938579999999999970e+00 2.324600000000000222e+00 2.726319999999999855e+00 3.148670000000000080e+00 3.587419999999999831e+00 4.044970000000000176e+00 4.518510000000000026e+00 5.017089999999999606e+00 5.537329999999999863e+00 6.088260000000000005e+00 6.649969999999999715e+00 7.258219999999999672e+00 7.888259999999999827e+00 8.562379999999999214e+00 9.253320000000000434e+00 1.179330000000000034e+01 1.487780000000000058e+01 1.856250000000000000e+01 2.299769999999999825e+01 2.820149999999999935e+01 3.442349999999999710e+01 4.178220000000000312e+01 5.045499999999999829e+01 6.048599999999999710e+01 7.122110000000000696e+01 8.467770000000000152e+01 9.812690000000000623e+01 1.108190000000000026e+02 1.285000000000000000e+02 1.910389999999999873e+02 2.682130000000000223e+02 3.444680000000000177e+02 4.212930000000000064e+02 4.981449999999999818e+02
9.712369999999999948e+00 2.262830000000000119e-01 5.823289999999999855e-01 9.537980000000000347e-01 1.345690000000000053e+00 1.754199999999999982e+00 2.177659999999999929e+00 2.621039999999999814e+00 3.094710000000000072e+00 3.589510000000000201e+00 4.103240000000000443e+00 4.649519999999999875e+00 5.223460000000000214e+00 5.835410000000000430e+00 6.484359999999999680e+00 7.144289999999999807e+00 7.878659999999999997e+00 8.641230000000000189e+00 9.469260000000000232e+00 1.031900000000000084e+01 1.123099999999999987e+01 1.473499999999999943e+01 1.893629999999999924e+01 2.401429999999999865e+01 3.022340000000000160e+01 3.780830000000000268e+01 4.658469999999999800e+01 5.740740000000000265e+01 6.950740000000000407e+01 8.360399999999999920e+01 9.986329999999999529e+01 1.184410000000000025e+02 1.345999999999999943e+02 1.576630000000000109e+02 1.781109999999999900e+02 2.683090000000000259e+02 3.690110000000000241e+02 4.690539999999999736e+02 5.697279999999999518e+02 6.688930000000000291e+02
1.118280000000000030e+01 2.561430000000000096e-01 6.628899999999999793e-01 1.098780000000000090e+00 1.557569999999999899e+00 2.035890000000000200e+00 2.539930000000000021e+00 3.085449999999999804e+00 3.662589999999999790e+00 4.268849999999999589e+00 4.909830000000000361e+00 5.603500000000000369e+00 6.347710000000000186e+00 7.131890000000000285e+00 7.961859999999999715e+00 8.870200000000000529e+00 9.837799999999999656e+00 1.086960000000000015e+01 1.196920000000000073e+01 1.315029999999999966e+01 1.442009999999999970e+01 1.910630000000000095e+01 2.510490000000000066e+01 3.251030000000000086e+01 4.143090000000000117e+01 5.217329999999999757e+01 6.492990000000000350e+01 7.974819999999999709e+01 9.682240000000000180e+01 1.170739999999999981e+02 1.399809999999999945e+02 1.633750000000000000e+02 1.888470000000000084e+02 2.186020000000000039e+02 2.427319999999999993e+02 3.684660000000000082e+02 4.953910000000000196e+02 6.291009999999999991e+02 7.568329999999999700e+02 8.734279999999999973e+02
1.287579999999999991e+01 3.030789999999999873e-01 8.015679999999999472e-01 1.333139999999999992e+00 1.893739999999999979e+00 2.486610000000000209e+00 3.138030000000000097e+00 3.835510000000000197e+00 4.575540000000000163e+00 5.362940000000000040e+00 6.226779999999999760e+00 7.159169999999999590e+00 8.148960000000000647e+00 9.209880000000000067e+00 1.033890000000000065e+01 1.162390000000000079e+01 1.294890000000000008e+01 1.438630000000000031e+01 1.593110000000000070e+01 1.759400000000000119e+01 1.939260000000000161e+01 2.630740000000000123e+01 3.479719999999999658e+01 4.520450000000000301e+01 5.775260000000000105e+01 7.284680000000000177e+01 9.071769999999999357e+01 1.111290000000000049e+02 1.357259999999999991e+02 1.631140000000000043e+02 1.936299999999999955e+02 2.235680000000000121e+02 2.621179999999999950e+02 2.965190000000000055e+02 3.319390000000000214e+02 4.943269999999999982e+02 6.564500000000000455e+02 8.245819999999999936e+02 9.829009999999999536e+02 1.121450000000000045e+03
1.482510000000000083e+01 3.924090000000000078e-01 1.029959999999999987e+00 1.709189999999999987e+00 2.432199999999999918e+00 3.235529999999999795e+00 4.107070000000000221e+00 5.035859999999999559e+00 6.030000000000000249e+00 7.134079999999999977e+00 8.336510000000000531e+00 9.609270000000000422e+00 1.098129999999999917e+01 1.248279999999999923e+01 1.414370000000000083e+01 1.587509999999999977e+01 1.778020000000000067e+01 1.979840000000000089e+01 2.198959999999999937e+01 2.441260000000000119e+01 2.695759999999999934e+01 3.646410000000000196e+01 4.845960000000000178e+01 6.326769999999999783e+01 8.102509999999999479e+01 1.020379999999999967e+02 1.264770000000000039e+02 1.550149999999999864e+02 1.879329999999999927e+02 2.242220000000000084e+02 2.617669999999999959e+02 3.066460000000000150e+02 3.535430000000000064e+02 3.938349999999999795e+02 4.493539999999999850e+02 6.459950000000000045e+02 8.561009999999999991e+02 1.055950000000000045e+03 1.245579999999999927e+03 1.414740000000000009e+03
1.706960000000000122e+01 5.239500000000000268e-01 1.373070000000000013e+00 2.280209999999999848e+00 3.297340000000000160e+00 4.407980000000000231e+00 5.605629999999999669e+00 6.888779999999999681e+00 8.310819999999999652e+00 9.880380000000000607e+00 1.156670000000000087e+01 1.333660000000000068e+01 1.530450000000000088e+01 1.746740000000000137e+01 1.982150000000000034e+01 2.230389999999999873e+01 2.496709999999999852e+01 2.786289999999999978e+01 3.102690000000000126e+01 3.440030000000000143e+01 3.798689999999999856e+01 5.179240000000000066e+01 6.861950000000000216e+01 8.899639999999999418e+01 1.132229999999999990e+02 1.415910000000000082e+02 1.747119999999999891e+02 2.129290000000000020e+02 2.554579999999999984e+02 3.016179999999999950e+02 3.527740000000000009e+02 4.107950000000000159e+02 4.646209999999999809e+02 5.249049999999999727e+02 5.884650000000000318e+02 8.319489999999999554e+02 1.086880000000000109e+03 1.321920000000000073e+03 1.541960000000000036e+03 1.739349999999999909e+03
1.965390000000000015e+01 7.193469999999999587e-01 1.881259999999999932e+00 3.185500000000000220e+00 4.623350000000000293e+00 6.179780000000000051e+00 7.850410000000000110e+00 9.700989999999999114e+00 1.173799999999999955e+01 1.394870000000000054e+01 1.630630000000000024e+01 1.884949999999999903e+01 2.171780000000000044e+01 2.477260000000000062e+01 2.795120000000000005e+01 3.152850000000000108e+01 3.526520000000000010e+01 3.945629999999999882e+01 4.376800000000000068e+01 4.845649999999999835e+01 5.351680000000000348e+01 7.242600000000000193e+01 9.540890000000000271e+01 1.231080000000000041e+02 1.557820000000000107e+02 1.939029999999999916e+02 2.371639999999999873e+02 2.866080000000000041e+02 3.399379999999999882e+02 3.996940000000000168e+02 4.664590000000000032e+02 5.350339999999999918e+02 6.010230000000000246e+02 6.809819999999999709e+02 7.514930000000000518e+02 1.053220000000000027e+03 1.348079999999999927e+03 1.625279999999999973e+03 1.868960000000000036e+03 2.088110000000000127e+03
2.262940000000000040e+01 9.960520000000000485e-01 2.675640000000000018e+00 4.543359999999999843e+00 6.569869999999999877e+00 8.740360000000000795e+00 1.114279999999999937e+01 1.380809999999999960e+01 1.667660000000000053e+01 1.972629999999999839e+01 2.308389999999999986e+01 2.676320000000000121e+01 3.073920000000000030e+01 3.494740000000000180e+01 3.951899999999999835e+01 4.435060000000000002e+01 4.975300000000000011e+01 5.536619999999999919e+01 6.136939999999999884e+01 6.780549999999999500e+01 7.466330000000000666e+01 1.004399999999999977e+02 1.314579999999999984e+02 1.681090000000000089e+02 2.107940000000000111e+02 2.598399999999999750e+02 3.150899999999999750e+02 3.763430000000000177e+02 4.445459999999999923e+02 5.202659999999999627e+02 6.011580000000000155e+02 6.778210000000000264e+02 7.691829999999999927e+02 8.579940000000000282e+02 9.369719999999999800e+02 1.297250000000000000e+03 1.630279999999999973e+03 1.945599999999999909e+03 2.218469999999999800e+03 2.444250000000000000e+03
2.605529999999999902e+01 1.445820000000000105e+00 3.857569999999999943e+00 6.478410000000000224e+00 9.286860000000000781e+00 1.239189999999999969e+01 1.581279999999999930e+01 1.951829999999999998e+01 2.345700000000000074e+01 2.773430000000000106e+01 3.245409999999999684e+01 3.753509999999999991e+01 4.291830000000000211e+01 4.869489999999999696e+01 5.499009999999999820e+01 6.174649999999999750e+01 6.885349999999999682e+01 7.640970000000000084e+01 8.454989999999999384e+01 9.315449999999999875e+01 1.024369999999999976e+02 1.367100000000000080e+02 1.770970000000000084e+02 2.242330000000000041e+02 2.788410000000000082e+02 3.401440000000000055e+02 4.095439999999999827e+02 4.854250000000000114e+02 5.702980000000000018e+02 6.602000000000000455e+02 7.524640000000000555e+02 8.499850000000000136e+02 9.556710000000000491e+02 1.051549999999999955e+03 1.157910000000000082e+03 1.559319999999999936e+03 1.938369999999999891e+03 2.277820000000000164e+03 2.575159999999999854e+03 2.820789999999999964e+03
3.000000000000000000e+01 2.054040000000000088e+00 5.410969999999999835e+00 9.012460000000000804e+00 1.296310000000000073e+01 1.732090000000000174e+01 2.202599999999999980e+01 2.703170000000000073e+01 3.248660000000000281e+01 3.843370000000000175e+01 4.480360000000000298e+01 5.164099999999999824e+01 5.891320000000000334e+01 6.673640000000000327e+01 7.505180000000000007e+01 8.409900000000000375e+01 9.345569999999999311e+01 1.036029999999999944e+02 1.143550000000000040e+02 1.258379999999999939e+02 1.377690000000000055e+02 1.814859999999999900e+02 2.333619999999999948e+02 2.932180000000000177e+02 3.610029999999999859e+02 4.366650000000000205e+02 5.206520000000000437e+02 6.125689999999999600e+02 7.117540000000000191e+02 8.156509999999999536e+02 9.222290000000000418e+02 1.040650000000000091e+03 1.155369999999999891e+03 1.265799999999999955e+03 1.386680000000000064e+03 1.828519999999999982e+03 2.244900000000000091e+03 2.605269999999999982e+03 2.918699999999999818e+03 3.178099999999999909e+03
