# Optical depths for the upper uncertainties for the paper "Extragalactic background light inferred from AEGIS galaxy-SED-type fractions", A. Dominguez et al., 2011, MNRAS, 410, 2556
# Distance: z(source) = [ 0.01, 0.02526316, 0.04052632, 0.05578947, 0.07105263, 0.08631579, 0.10157895, 0.11684211, 0.13210526,  0.14736842,    0.16263158, 0.17789474,  0.19315789,  0.20842105,  0.22368421,        0.23894737, 0.25421053,  0.26947368,  0.28473684, 0.3 ,  0.35,  0.4 , 0.45,  0.5 ,  0.55,  0.6 ,  0.65,  0.7 ,  0.75,  0.8 ,  0.85,  0.9 ,   0.95,  1.,1.2,1.4,1.6,1.8,2.]
# EBL model file: ebl_upper_uncertainties_dominguez11.out
# h=0.7
# E [TeV]	tau
2.999999999999999889e-02 9.237259999999999376e-06 2.453940000000000090e-05 4.008330000000000297e-05 6.012370000000000171e-05 8.609619999999999741e-05 1.147110000000000068e-04 1.423069999999999912e-04 1.783929999999999978e-04 2.244749999999999946e-04 2.761509999999999789e-04 3.331489999999999777e-04 3.990020000000000264e-04 4.754250000000000229e-04 5.627650000000000100e-04 6.738960000000000002e-04 7.717660000000000102e-04 9.104189999999999852e-04 1.063780000000000064e-03 1.243519999999999912e-03 1.431250000000000014e-03 2.232560000000000187e-03 3.382159999999999941e-03 4.931869999999999657e-03 6.980970000000000404e-03 9.513330000000000397e-03 1.275710000000000038e-02 1.661779999999999854e-02 2.123469999999999872e-02 2.634950000000000139e-02 3.182360000000000050e-02 3.903790000000000038e-02 4.562159999999999827e-02 5.195949999999999874e-02 6.087870000000000087e-02 9.091939999999999744e-02 1.255529999999999979e-01 1.573630000000000029e-01 1.881390000000000007e-01 2.170930000000000082e-01
3.454190000000000038e-02 2.858790000000000118e-05 7.419369999999999405e-05 1.275450000000000130e-04 1.947779999999999976e-04 2.698239999999999970e-04 3.486520000000000222e-04 4.381640000000000014e-04 5.482819999999999794e-04 6.693479999999999482e-04 7.990480000000000109e-04 9.530349999999999716e-04 1.129819999999999913e-03 1.332260000000000041e-03 1.558879999999999901e-03 1.789049999999999929e-03 2.081439999999999940e-03 2.392500000000000095e-03 2.761879999999999977e-03 3.134839999999999849e-03 3.572559999999999798e-03 5.398459999999999891e-03 7.706819999999999643e-03 1.061909999999999937e-02 1.431529999999999955e-02 1.893960000000000088e-02 2.432729999999999962e-02 3.081160000000000149e-02 3.773900000000000171e-02 4.545889999999999653e-02 5.481939999999999730e-02 6.471150000000000513e-02 7.274150000000000060e-02 8.497230000000000061e-02 9.530049999999999633e-02 1.387430000000000052e-01 1.834169999999999967e-01 2.251269999999999938e-01 2.636040000000000050e-01 3.013500000000000068e-01
3.977130000000000248e-02 6.775150000000000345e-05 1.825349999999999998e-04 3.245289999999999959e-04 4.837220000000000148e-04 6.526750000000000216e-04 8.440830000000000295e-04 1.068729999999999940e-03 1.317889999999999947e-03 1.581740000000000099e-03 1.876819999999999964e-03 2.231059999999999988e-03 2.619100000000000074e-03 3.034659999999999788e-03 3.507989999999999893e-03 4.024370000000000204e-03 4.611350000000000171e-03 5.241550000000000202e-03 5.946660000000000314e-03 6.716230000000000117e-03 7.562010000000000086e-03 1.071719999999999964e-02 1.486499999999999974e-02 1.996879999999999836e-02 2.606930000000000011e-02 3.326169999999999821e-02 4.161089999999999928e-02 5.083719999999999906e-02 6.094349999999999767e-02 7.290589999999999571e-02 8.574060000000000015e-02 9.798690000000000178e-02 1.116700000000000054e-01 1.267280000000000073e-01 1.386860000000000037e-01 1.982009999999999883e-01 2.532789999999999764e-01 3.088170000000000082e-01 3.582350000000000256e-01 4.018459999999999810e-01
4.579249999999999987e-02 1.446960000000000119e-04 4.050479999999999749e-04 6.975969999999999957e-04 1.013970000000000106e-03 1.363580000000000087e-03 1.772490000000000046e-03 2.217660000000000204e-03 2.700989999999999901e-03 3.227569999999999918e-03 3.832630000000000065e-03 4.502929999999999607e-03 5.215189999999999756e-03 5.993740000000000005e-03 6.835070000000000381e-03 7.833949999999999247e-03 8.841240000000000210e-03 9.968150000000000274e-03 1.117729999999999939e-02 1.248559999999999948e-02 1.390599999999999996e-02 1.937969999999999970e-02 2.587640000000000079e-02 3.360500000000000292e-02 4.263460000000000166e-02 5.303449999999999831e-02 6.482419999999999849e-02 7.765070000000000305e-02 9.267809999999999937e-02 1.084709999999999980e-01 1.250269999999999992e-01 1.408490000000000020e-01 1.609049999999999925e-01 1.778669999999999973e-01 1.956489999999999896e-01 2.709059999999999802e-01 3.417780000000000262e-01 4.112210000000000032e-01 4.748399999999999843e-01 5.299180000000000001e-01
5.272530000000000272e-02 2.932449999999999749e-04 7.815909999999999915e-04 1.313530000000000036e-03 1.894129999999999946e-03 2.565469999999999817e-03 3.302680000000000112e-03 4.091189999999999757e-03 4.933589999999999851e-03 5.893040000000000431e-03 6.949509999999999889e-03 8.067710000000000506e-03 9.271939999999999349e-03 1.058669999999999924e-02 1.205140000000000031e-02 1.358739999999999948e-02 1.523459999999999918e-02 1.702220000000000122e-02 1.891630000000000048e-02 2.100669999999999968e-02 2.319689999999999946e-02 3.104909999999999962e-02 4.070870000000000044e-02 5.190789999999999987e-02 6.476919999999999900e-02 7.913889999999999814e-02 9.514269999999999672e-02 1.130560000000000037e-01 1.324869999999999937e-01 1.527699999999999891e-01 1.725859999999999894e-01 1.965689999999999937e-01 2.200600000000000056e-01 2.398810000000000109e-01 2.670290000000000163e-01 3.573219999999999730e-01 4.516160000000000174e-01 5.363940000000000374e-01 6.177890000000000326e-01 6.928919999999999524e-01
6.070770000000000333e-02 5.050630000000000397e-04 1.329200000000000000e-03 2.220259999999999942e-03 3.232329999999999839e-03 4.349330000000000210e-03 5.542909999999999851e-03 6.819200000000000088e-03 8.225170000000000398e-03 9.770680000000000337e-03 1.142439999999999949e-02 1.315099999999999950e-02 1.503050000000000046e-02 1.710419999999999996e-02 1.932369999999999921e-02 2.162740000000000148e-02 2.408170000000000102e-02 2.670950000000000060e-02 2.957030000000000075e-02 3.251710000000000017e-02 3.564370000000000038e-02 4.725630000000000108e-02 6.055390000000000078e-02 7.578010000000000301e-02 9.296709999999999696e-02 1.121510000000000007e-01 1.333080000000000098e-01 1.566170000000000062e-01 1.811170000000000002e-01 2.062269999999999937e-01 2.337819999999999898e-01 2.640719999999999734e-01 2.904510000000000147e-01 3.209500000000000131e-01 3.518000000000000016e-01 4.677430000000000199e-01 5.863540000000000418e-01 6.937280000000000113e-01 7.989230000000000498e-01 8.973189999999999777e-01
6.989860000000000517e-02 7.971350000000000310e-04 2.082670000000000007e-03 3.527639999999999856e-03 5.110169999999999817e-03 6.804479999999999904e-03 8.603730000000000405e-03 1.056570000000000079e-02 1.271910000000000054e-02 1.499559999999999955e-02 1.741559999999999983e-02 1.996190000000000117e-02 2.279060000000000114e-02 2.574380000000000071e-02 2.879160000000000053e-02 3.214310000000000084e-02 3.560619999999999757e-02 3.938529999999999809e-02 4.323769999999999697e-02 4.732719999999999982e-02 5.167870000000000102e-02 6.720959999999999435e-02 8.503570000000000573e-02 1.053700000000000053e-01 1.281069999999999987e-01 1.532370000000000121e-01 1.805309999999999970e-01 2.101750000000000007e-01 2.406069999999999875e-01 2.738030000000000186e-01 3.100370000000000070e-01 3.457000000000000073e-01 3.793110000000000093e-01 4.211679999999999868e-01 4.552959999999999785e-01 6.083880000000000399e-01 7.545739999999999670e-01 8.978490000000000082e-01 1.029609999999999914e+00 1.153340000000000032e+00
8.048089999999999411e-02 1.174020000000000011e-03 3.135390000000000052e-03 5.283050000000000072e-03 7.580520000000000314e-03 1.000629999999999922e-02 1.264799999999999952e-02 1.551890000000000040e-02 1.854870000000000130e-02 2.172090000000000132e-02 2.515970000000000012e-02 2.879730000000000137e-02 3.269060000000000021e-02 3.673330000000000345e-02 4.104689999999999728e-02 4.552149999999999946e-02 5.039529999999999704e-02 5.535890000000000255e-02 6.062530000000000002e-02 6.614090000000000247e-02 7.190520000000000245e-02 9.272339999999999749e-02 1.164069999999999966e-01 1.428629999999999900e-01 1.721900000000000097e-01 2.045750000000000068e-01 2.395160000000000067e-01 2.764820000000000055e-01 3.168699999999999850e-01 3.605530000000000124e-01 4.056730000000000058e-01 4.457320000000000171e-01 4.977099999999999858e-01 5.447359999999999980e-01 5.852690000000000392e-01 7.847469999999999724e-01 9.665839999999999987e-01 1.154179999999999984e+00 1.323520000000000030e+00 1.470499999999999918e+00
9.266530000000000600e-02 1.722130000000000102e-03 4.543450000000000093e-03 7.557760000000000172e-03 1.073269999999999953e-02 1.417629999999999932e-02 1.788800000000000112e-02 2.181840000000000168e-02 2.592720000000000094e-02 3.033150000000000082e-02 3.505699999999999789e-02 4.002540000000000264e-02 4.521059999999999662e-02 5.066459999999999714e-02 5.652309999999999973e-02 6.264980000000000548e-02 6.901359999999999439e-02 7.560669999999999891e-02 8.261309999999999487e-02 8.992830000000000268e-02 9.764180000000000081e-02 1.250749999999999917e-01 1.558799999999999908e-01 1.902159999999999962e-01 2.286650000000000071e-01 2.702620000000000022e-01 3.156909999999999994e-01 3.640030000000000210e-01 4.170730000000000270e-01 4.713979999999999837e-01 5.244889999999999830e-01 5.829199999999999937e-01 6.465720000000000356e-01 6.981049999999999756e-01 7.660529999999999839e-01 1.005980000000000096e+00 1.248830000000000107e+00 1.478399999999999936e+00 1.694059999999999899e+00 1.887410000000000032e+00
1.066939999999999972e-01 2.416670000000000103e-03 6.306140000000000009e-03 1.039619999999999954e-02 1.480500000000000045e-02 1.957880000000000037e-02 2.461850000000000149e-02 2.985729999999999981e-02 3.552099999999999702e-02 4.154850000000000210e-02 4.790359999999999757e-02 5.454880000000000145e-02 6.153340000000000198e-02 6.894469999999999765e-02 7.666130000000000166e-02 8.492479999999999474e-02 9.328019999999999368e-02 1.022630000000000067e-01 1.116489999999999982e-01 1.215399999999999953e-01 1.316190000000000138e-01 1.675419999999999965e-01 2.083059999999999912e-01 2.538159999999999861e-01 3.037389999999999812e-01 3.576509999999999967e-01 4.167799999999999838e-01 4.797859999999999903e-01 5.460800000000000098e-01 6.131490000000000551e-01 6.818400000000000016e-01 7.611560000000000548e-01 8.334639999999999826e-01 9.047129999999999894e-01 9.892440000000000122e-01 1.285609999999999919e+00 1.599350000000000049e+00 1.880330000000000057e+00 2.151159999999999961e+00 2.399890000000000079e+00
1.228469999999999979e-01 3.301689999999999920e-03 8.552449999999999636e-03 1.417369999999999915e-02 2.027750000000000039e-02 2.672700000000000076e-02 3.346419999999999950e-02 4.067470000000000113e-02 4.839899999999999758e-02 5.650539999999999730e-02 6.496290000000000397e-02 7.395759999999999834e-02 8.345890000000000253e-02 9.347579999999999778e-02 1.038779999999999981e-01 1.145940000000000014e-01 1.260850000000000026e-01 1.379460000000000131e-01 1.504369999999999874e-01 1.632079999999999920e-01 1.766210000000000002e-01 2.252780000000000060e-01 2.786980000000000013e-01 3.374730000000000230e-01 4.022060000000000080e-01 4.733709999999999862e-01 5.490190000000000348e-01 6.302480000000000304e-01 7.113260000000000138e-01 7.953540000000000054e-01 8.917040000000000521e-01 9.867860000000000520e-01 1.066799999999999971e+00 1.177729999999999944e+00 1.270869999999999944e+00 1.657410000000000050e+00 2.038660000000000139e+00 2.395550000000000068e+00 2.720819999999999794e+00 3.034190000000000165e+00
1.414459999999999884e-01 4.449540000000000092e-03 1.163080000000000017e-02 1.944850000000000051e-02 2.772689999999999877e-02 3.637789999999999774e-02 4.559269999999999989e-02 5.551419999999999966e-02 6.593759999999999899e-02 7.677240000000000453e-02 8.814809999999999313e-02 1.005260000000000042e-01 1.132689999999999947e-01 1.265820000000000001e-01 1.406040000000000068e-01 1.550630000000000064e-01 1.704690000000000094e-01 1.863750000000000129e-01 2.029469999999999885e-01 2.202310000000000101e-01 2.381620000000000126e-01 3.003290000000000126e-01 3.714410000000000212e-01 4.493050000000000099e-01 5.336070000000000535e-01 6.244480000000000031e-01 7.212640000000000162e-01 8.208860000000000046e-01 9.234189999999999898e-01 1.039420000000000011e+00 1.156519999999999992e+00 1.264049999999999896e+00 1.385999999999999899e+00 1.512399999999999967e+00 1.613820000000000032e+00 2.111639999999999961e+00 2.565030000000000143e+00 3.022029999999999994e+00 3.424920000000000186e+00 3.772320000000000118e+00
1.628600000000000048e-01 6.087010000000000337e-03 1.611270000000000063e-02 2.674309999999999882e-02 3.785899999999999682e-02 4.964430000000000232e-02 6.234710000000000252e-02 7.570559999999999790e-02 8.968289999999999595e-02 1.043570000000000053e-01 1.199250000000000038e-01 1.364779999999999882e-01 1.534320000000000128e-01 1.711689999999999878e-01 1.896609999999999963e-01 2.095509999999999873e-01 2.297279999999999878e-01 2.509210000000000051e-01 2.725690000000000057e-01 2.952609999999999957e-01 3.187530000000000086e-01 4.032490000000000241e-01 4.945359999999999756e-01 5.943490000000000162e-01 7.024439999999999573e-01 8.167569999999999553e-01 9.383559999999999679e-01 1.063739999999999908e+00 1.204290000000000083e+00 1.344039999999999901e+00 1.484040000000000026e+00 1.617320000000000091e+00 1.780529999999999946e+00 1.917659999999999920e+00 2.065679999999999961e+00 2.665459999999999940e+00 3.234030000000000182e+00 3.776670000000000194e+00 4.268919999999999604e+00 4.688329999999999664e+00
1.875169999999999892e-01 8.471859999999999460e-03 2.208680000000000018e-02 3.636729999999999824e-02 5.138399999999999912e-02 6.763500000000000068e-02 8.475280000000000313e-02 1.026549999999999963e-01 1.212619999999999948e-01 1.412349999999999994e-01 1.621849999999999958e-01 1.839449999999999974e-01 2.064489999999999936e-01 2.301390000000000102e-01 2.552740000000000009e-01 2.808829999999999938e-01 3.075950000000000073e-01 3.353849999999999887e-01 3.638469999999999760e-01 3.941629999999999856e-01 4.250579999999999914e-01 5.306450000000000333e-01 6.502080000000000082e-01 7.788779999999999593e-01 9.174440000000000373e-01 1.063390000000000057e+00 1.216690000000000049e+00 1.380670000000000064e+00 1.549400000000000110e+00 1.719070000000000098e+00 1.879520000000000080e+00 2.072470000000000034e+00 2.254379999999999828e+00 2.413050000000000139e+00 2.619619999999999838e+00 3.320030000000000037e+00 4.031609999999999694e+00 4.659930000000000128e+00 5.249670000000000059e+00 5.766309999999999825e+00
2.159059999999999868e-01 1.141039999999999936e-02 2.961149999999999893e-02 4.866899999999999699e-02 6.925770000000000537e-02 9.102929999999999355e-02 1.137149999999999966e-01 1.373880000000000101e-01 1.625530000000000030e-01 1.891210000000000113e-01 2.167129999999999890e-01 2.450920000000000043e-01 2.750099999999999767e-01 3.065709999999999824e-01 3.393340000000000245e-01 3.726090000000000235e-01 4.075389999999999846e-01 4.435370000000000146e-01 4.815960000000000241e-01 5.194499999999999673e-01 5.590479999999999894e-01 6.999680000000000346e-01 8.504340000000000233e-01 1.012659999999999894e+00 1.185279999999999889e+00 1.369280000000000053e+00 1.560419999999999918e+00 1.762699999999999934e+00 1.965619999999999923e+00 2.163030000000000008e+00 2.383989999999999831e+00 2.612509999999999888e+00 2.809649999999999981e+00 3.039870000000000072e+00 3.265489999999999782e+00 4.123709999999999987e+00 4.959609999999999630e+00 5.703359999999999985e+00 6.381879999999999775e+00 6.993739999999999846e+00
2.485930000000000084e-01 1.511430000000000065e-02 3.910969999999999724e-02 6.495670000000000610e-02 9.233779999999999766e-02 1.208999999999999936e-01 1.506109999999999949e-01 1.820849999999999969e-01 2.155140000000000111e-01 2.499760000000000038e-01 2.857669999999999932e-01 3.229079999999999728e-01 3.622279999999999944e-01 4.027689999999999881e-01 4.442459999999999742e-01 4.880410000000000026e-01 5.326450000000000351e-01 5.797809999999999908e-01 6.272769999999999735e-01 6.763430000000000275e-01 7.273739999999999650e-01 9.018340000000000245e-01 1.091409999999999991e+00 1.296510000000000051e+00 1.513120000000000021e+00 1.739610000000000101e+00 1.974480000000000013e+00 2.217340000000000089e+00 2.455130000000000035e+00 2.712829999999999853e+00 2.980799999999999894e+00 3.237330000000000041e+00 3.482190000000000119e+00 3.769880000000000120e+00 4.016409999999999592e+00 5.053219999999999601e+00 6.009710000000000107e+00 6.904869999999999841e+00 7.662429999999999630e+00 8.338060000000000471e+00
2.862290000000000112e-01 1.965799999999999839e-02 5.172820000000000196e-02 8.573840000000000627e-02 1.212929999999999980e-01 1.582000000000000073e-01 1.974160000000000081e-01 2.387009999999999965e-01 2.814159999999999995e-01 3.254610000000000003e-01 3.719609999999999861e-01 4.198450000000000237e-01 4.702419999999999933e-01 5.216380000000000461e-01 5.750950000000000228e-01 6.299820000000000420e-01 6.877849999999999797e-01 7.460649999999999782e-01 8.064930000000000154e-01 8.687150000000000150e-01 9.321850000000000414e-01 1.152740000000000098e+00 1.388949999999999907e+00 1.639029999999999987e+00 1.902150000000000007e+00 2.177280000000000104e+00 2.458670000000000133e+00 2.742449999999999832e+00 3.046359999999999957e+00 3.361540000000000195e+00 3.670780000000000154e+00 3.949479999999999880e+00 4.287849999999999717e+00 4.595100000000000406e+00 4.875219999999999665e+00 6.103810000000000180e+00 7.192510000000000403e+00 8.216300000000000381e+00 9.090180000000000149e+00 9.794850000000000279e+00
3.295620000000000216e-01 2.597259999999999847e-02 6.769310000000000604e-02 1.113600000000000007e-01 1.566609999999999947e-01 2.045820000000000138e-01 2.549549999999999872e-01 3.072300000000000031e-01 3.611289999999999778e-01 4.174610000000000265e-01 4.765969999999999929e-01 5.371320000000000539e-01 5.997160000000000268e-01 6.642820000000000391e-01 7.317160000000000331e-01 8.007830000000000226e-01 8.716340000000000199e-01 9.440969999999999640e-01 1.018939999999999957e+00 1.095499999999999918e+00 1.174749999999999961e+00 1.445070000000000077e+00 1.732220000000000093e+00 2.034940000000000193e+00 2.352660000000000196e+00 2.681700000000000195e+00 3.020280000000000076e+00 3.370140000000000136e+00 3.733369999999999855e+00 4.091400000000000148e+00 4.430369999999999919e+00 4.798729999999999940e+00 5.173890000000000100e+00 5.502449999999999619e+00 5.883989999999999831e+00 7.245359999999999800e+00 8.520099999999999341e+00 9.623920000000000030e+00 1.059779999999999944e+01 1.140569999999999951e+01
3.794569999999999887e-01 3.324309999999999765e-02 8.610550000000000148e-02 1.409449999999999870e-01 1.986890000000000045e-01 2.595680000000000209e-01 3.227030000000000176e-01 3.875939999999999941e-01 4.556000000000000050e-01 5.263780000000000125e-01 5.996380000000000043e-01 6.746670000000000167e-01 7.522959999999999647e-01 8.325639999999999707e-01 9.151989999999999847e-01 1.000259999999999927e+00 1.086910000000000043e+00 1.176320000000000032e+00 1.268540000000000001e+00 1.362719999999999931e+00 1.458090000000000108e+00 1.783719999999999972e+00 2.129599999999999937e+00 2.494299999999999962e+00 2.870400000000000063e+00 3.258789999999999853e+00 3.661900000000000155e+00 4.072350000000000136e+00 4.484820000000000029e+00 4.886459999999999582e+00 5.292019999999999946e+00 5.728329999999999700e+00 6.132310000000000372e+00 6.525960000000000427e+00 6.947879999999999612e+00 8.476599999999999469e+00 9.901759999999999451e+00 1.110340000000000060e+01 1.216789999999999949e+01 1.305509999999999948e+01
4.369049999999999878e-01 4.151389999999999941e-02 1.069729999999999986e-01 1.757019999999999971e-01 2.480860000000000010e-01 3.231589999999999741e-01 4.004190000000000249e-01 4.811259999999999981e-01 5.651009999999999645e-01 6.516710000000000003e-01 7.406249999999999778e-01 8.324679999999999858e-01 9.275489999999999569e-01 1.025390000000000024e+00 1.125199999999999978e+00 1.226939999999999920e+00 1.331919999999999993e+00 1.439179999999999904e+00 1.549180000000000001e+00 1.660290000000000044e+00 1.774550000000000072e+00 2.167359999999999953e+00 2.575340000000000185e+00 2.999659999999999993e+00 3.439830000000000165e+00 3.894439999999999902e+00 4.357490000000000308e+00 4.827210000000000001e+00 5.284950000000000259e+00 5.741189999999999571e+00 6.234200000000000408e+00 6.706730000000000302e+00 7.134500000000000064e+00 7.629299999999999748e+00 8.078799999999999315e+00 9.788919999999999177e+00 1.132409999999999961e+01 1.265820000000000078e+01 1.376089999999999947e+01 1.473039999999999949e+01
5.030499999999999972e-01 5.063480000000000064e-02 1.310749999999999971e-01 2.159300000000000108e-01 3.040050000000000252e-01 3.947399999999999798e-01 4.888870000000000160e-01 5.870309999999999695e-01 6.880800000000000249e-01 7.920460000000000278e-01 8.985830000000000206e-01 1.009770000000000056e+00 1.123059999999999947e+00 1.239020000000000010e+00 1.357830000000000092e+00 1.479049999999999976e+00 1.603900000000000103e+00 1.731020000000000003e+00 1.860449999999999937e+00 1.992790000000000061e+00 2.127040000000000042e+00 2.576810000000000045e+00 3.053510000000000169e+00 3.546359999999999957e+00 4.051389999999999603e+00 4.567149999999999821e+00 5.089400000000000368e+00 5.606559999999999988e+00 6.121620000000000061e+00 6.669920000000000293e+00 7.202539999999999942e+00 7.700359999999999872e+00 8.225860000000000838e+00 8.743069999999999453e+00 9.201779999999999404e+00 1.110030000000000072e+01 1.272409999999999997e+01 1.418929999999999936e+01 1.538400000000000034e+01 1.634329999999999927e+01
5.792089999999999739e-01 6.125520000000000270e-02 1.590920000000000112e-01 2.607869999999999910e-01 3.656400000000000206e-01 4.740039999999999809e-01 5.868740000000000068e-01 7.031899999999999817e-01 8.224329999999999696e-01 9.450779999999999736e-01 1.071090000000000098e+00 1.201880000000000059e+00 1.334240000000000093e+00 1.469179999999999930e+00 1.607469999999999954e+00 1.750170000000000003e+00 1.894269999999999898e+00 2.041150000000000020e+00 2.189900000000000180e+00 2.340700000000000003e+00 2.494180000000000064e+00 3.019680000000000142e+00 3.557240000000000180e+00 4.111640000000000406e+00 4.679149999999999920e+00 5.251269999999999882e+00 5.828640000000000043e+00 6.408509999999999707e+00 7.009269999999999889e+00 7.594170000000000087e+00 8.165580000000000283e+00 8.713580000000000325e+00 9.297779999999999490e+00 9.834509999999999863e+00 1.037299999999999933e+01 1.239199999999999946e+01 1.416849999999999987e+01 1.569510000000000005e+01 1.697960000000000136e+01 1.803709999999999880e+01
6.668990000000000196e-01 7.318610000000000393e-02 1.886349999999999971e-01 3.078529999999999878e-01 4.306749999999999745e-01 5.586330000000000462e-01 6.903099999999999792e-01 8.253890000000000393e-01 9.634599999999999831e-01 1.106079999999999952e+00 1.252170000000000005e+00 1.401829999999999909e+00 1.553600000000000092e+00 1.709249999999999936e+00 1.868589999999999973e+00 2.029619999999999980e+00 2.194370000000000154e+00 2.360829999999999984e+00 2.529929999999999790e+00 2.703409999999999869e+00 2.878010000000000179e+00 3.455729999999999968e+00 4.062490000000000379e+00 4.680419999999999803e+00 5.310550000000000104e+00 5.945020000000000415e+00 6.584209999999999674e+00 7.229390000000000427e+00 7.867860000000000298e+00 8.498219999999999885e+00 9.096399999999999153e+00 9.734659999999999869e+00 1.034360000000000035e+01 1.090259999999999962e+01 1.150949999999999918e+01 1.363840000000000074e+01 1.556090000000000018e+01 1.717060000000000031e+01 1.857910000000000039e+01 1.977189999999999870e+01
7.678639999999999910e-01 8.485239999999999450e-02 2.181259999999999866e-01 3.553040000000000087e-01 4.978759999999999852e-01 6.445250000000000146e-01 7.948760000000000270e-01 9.484010000000000495e-01 1.106819999999999915e+00 1.268979999999999997e+00 1.434290000000000065e+00 1.602479999999999905e+00 1.774329999999999963e+00 1.950150000000000050e+00 2.128439999999999888e+00 2.309260000000000090e+00 2.493079999999999963e+00 2.679330000000000211e+00 2.869240000000000013e+00 3.059029999999999916e+00 3.251269999999999882e+00 3.903239999999999821e+00 4.565559999999999619e+00 5.240709999999999980e+00 5.924949999999999939e+00 6.616480000000000139e+00 7.307419999999999582e+00 8.001390000000000668e+00 8.684480000000000643e+00 9.340590000000000614e+00 1.002369999999999983e+01 1.069619999999999926e+01 1.131320000000000014e+01 1.196080000000000076e+01 1.258360000000000056e+01 1.488589999999999947e+01 1.693550000000000111e+01 1.868720000000000070e+01 2.024390000000000001e+01 2.160480000000000089e+01
8.841160000000000130e-01 9.638629999999999420e-02 2.471339999999999926e-01 4.035110000000000086e-01 5.644700000000000273e-01 7.293269999999999476e-01 8.976800000000000335e-01 1.070799999999999974e+00 1.248010000000000064e+00 1.428439999999999932e+00 1.612000000000000099e+00 1.798920000000000075e+00 1.989780000000000104e+00 2.183730000000000171e+00 2.380030000000000090e+00 2.579930000000000057e+00 2.781519999999999992e+00 2.987249999999999961e+00 3.193670000000000009e+00 3.402779999999999916e+00 3.614679999999999893e+00 4.314969999999999750e+00 5.035029999999999895e+00 5.768360000000000376e+00 6.506639999999999979e+00 7.247189999999999799e+00 7.986970000000000347e+00 8.723039999999999239e+00 9.436310000000000642e+00 1.016879999999999917e+01 1.089160000000000039e+01 1.159270000000000067e+01 1.226260000000000083e+01 1.296909999999999918e+01 1.360619999999999941e+01 1.611730000000000018e+01 1.831409999999999982e+01 2.031879999999999953e+01 2.205720000000000169e+01 2.356279999999999930e+01
1.017970000000000041e+00 1.072889999999999955e-01 2.763280000000000181e-01 4.503650000000000153e-01 6.286009999999999653e-01 8.104160000000000252e-01 9.972849999999999770e-01 1.188169999999999948e+00 1.382430000000000048e+00 1.579839999999999911e+00 1.781349999999999989e+00 1.985479999999999912e+00 2.194109999999999783e+00 2.404929999999999790e+00 2.618599999999999817e+00 2.834569999999999812e+00 3.054580000000000073e+00 3.275160000000000071e+00 3.498959999999999848e+00 3.724639999999999951e+00 3.951579999999999870e+00 4.709550000000000125e+00 5.479840000000000266e+00 6.258339999999999570e+00 7.041820000000000412e+00 7.828689999999999927e+00 8.609930000000000305e+00 9.382220000000000226e+00 1.017169999999999952e+01 1.095340000000000025e+01 1.172409999999999997e+01 1.243989999999999974e+01 1.322119999999999962e+01 1.394130000000000003e+01 1.462710000000000043e+01 1.739799999999999969e+01 1.983370000000000033e+01 2.211289999999999978e+01 2.409430000000000049e+01 2.574869999999999948e+01
1.172080000000000011e+00 1.186040000000000011e-01 3.041780000000000039e-01 4.943819999999999881e-01 6.882040000000000379e-01 8.869420000000000082e-01 1.089970000000000105e+00 1.296450000000000102e+00 1.506240000000000023e+00 1.719799999999999995e+00 1.937500000000000000e+00 2.157249999999999890e+00 2.380549999999999944e+00 2.606669999999999821e+00 2.835640000000000160e+00 3.067320000000000046e+00 3.301140000000000185e+00 3.537049999999999805e+00 3.775139999999999940e+00 4.015320000000000000e+00 4.258280000000000065e+00 5.061219999999999608e+00 5.876839999999999620e+00 6.702139999999999986e+00 7.533350000000000435e+00 8.368679999999999453e+00 9.205120000000000857e+00 1.004700000000000060e+01 1.089049999999999940e+01 1.172330000000000005e+01 1.252389999999999937e+01 1.335239999999999938e+01 1.418870000000000076e+01 1.492660000000000053e+01 1.578519999999999968e+01 1.878079999999999927e+01 2.159919999999999973e+01 2.412849999999999895e+01 2.638769999999999882e+01 2.835589999999999833e+01
1.349529999999999896e+00 1.283819999999999961e-01 3.286800000000000277e-01 5.329519999999999813e-01 7.420459999999999834e-01 9.555810000000000137e-01 1.172739999999999894e+00 1.393140000000000045e+00 1.617450000000000054e+00 1.845539999999999958e+00 2.076970000000000205e+00 2.310550000000000104e+00 2.547930000000000028e+00 2.787990000000000190e+00 3.030769999999999964e+00 3.276619999999999866e+00 3.523540000000000116e+00 3.773800000000000043e+00 4.026500000000000412e+00 4.280660000000000132e+00 4.535999999999999588e+00 5.384850000000000136e+00 6.248289999999999900e+00 7.125869999999999926e+00 8.010130000000000194e+00 8.900669999999999860e+00 9.805270000000000152e+00 1.071380000000000088e+01 1.162270000000000003e+01 1.251829999999999998e+01 1.341310000000000002e+01 1.435299999999999976e+01 1.522250000000000014e+01 1.610770000000000124e+01 1.702749999999999986e+01 2.037229999999999919e+01 2.359280000000000044e+01 2.643049999999999855e+01 2.904050000000000153e+01 3.139189999999999969e+01
1.553840000000000110e+00 1.369829999999999937e-01 3.498299999999999743e-01 5.675750000000000517e-01 7.900409999999999933e-01 1.016319999999999890e+00 1.245630000000000015e+00 1.479179999999999939e+00 1.716480000000000006e+00 1.957109999999999905e+00 2.200330000000000119e+00 2.447229999999999794e+00 2.697529999999999983e+00 2.950720000000000010e+00 3.205979999999999830e+00 3.463719999999999910e+00 3.724310000000000009e+00 3.988119999999999887e+00 4.253289999999999793e+00 4.520500000000000185e+00 4.790580000000000283e+00 5.692309999999999981e+00 6.609130000000000393e+00 7.542959999999999887e+00 8.495480000000000587e+00 9.466910000000000380e+00 1.044759999999999955e+01 1.144430000000000014e+01 1.242409999999999926e+01 1.341469999999999985e+01 1.444519999999999982e+01 1.546020000000000039e+01 1.639029999999999987e+01 1.747840000000000060e+01 1.844490000000000052e+01 2.228849999999999909e+01 2.590080000000000027e+01 2.923780000000000001e+01 3.225520000000000209e+01 3.507119999999999749e+01
1.789090000000000069e+00 1.442060000000000008e-01 3.689609999999999834e-01 5.989879999999999649e-01 8.330400000000000027e-01 1.070380000000000109e+00 1.311909999999999910e+00 1.557590000000000030e+00 1.806959999999999900e+00 2.059250000000000025e+00 2.314690000000000136e+00 2.575190000000000090e+00 2.838389999999999969e+00 3.103920000000000012e+00 3.373200000000000198e+00 3.644200000000000106e+00 3.921499999999999986e+00 4.199309999999999654e+00 4.480439999999999756e+00 4.765590000000000437e+00 5.052480000000000082e+00 6.006820000000000270e+00 6.994950000000000223e+00 8.006899999999999906e+00 9.042009999999999437e+00 1.010239999999999938e+01 1.117950000000000088e+01 1.225789999999999935e+01 1.334880000000000067e+01 1.449390000000000001e+01 1.563240000000000052e+01 1.669849999999999923e+01 1.786980000000000146e+01 1.902260000000000062e+01 2.002720000000000056e+01 2.451050000000000040e+01 2.856429999999999936e+01 3.261630000000000251e+01 3.625480000000000302e+01 3.946540000000000248e+01
2.059950000000000170e+00 1.515279999999999960e-01 3.882090000000000263e-01 6.293699999999999850e-01 8.741710000000000313e-01 1.123210000000000042e+00 1.377510000000000012e+00 1.635760000000000103e+00 1.896870000000000056e+00 2.162069999999999936e+00 2.431989999999999874e+00 2.707209999999999894e+00 2.983890000000000153e+00 3.264040000000000052e+00 3.548639999999999795e+00 3.839690000000000047e+00 4.131079999999999863e+00 4.427520000000000344e+00 4.726779999999999760e+00 5.028299999999999770e+00 5.336700000000000443e+00 6.375890000000000057e+00 7.439799999999999969e+00 8.539379999999999526e+00 9.675290000000000390e+00 1.083159999999999989e+01 1.202270000000000039e+01 1.322869999999999990e+01 1.448610000000000042e+01 1.573489999999999966e+01 1.698410000000000153e+01 1.821320000000000050e+01 1.956169999999999831e+01 2.077880000000000038e+01 2.208500000000000085e+01 2.712890000000000157e+01 3.204240000000000066e+01 3.681349999999999767e+01 4.131560000000000343e+01 4.554899999999999949e+01
2.371809999999999974e+00 1.593749999999999889e-01 4.074740000000000029e-01 6.599369999999999958e-01 9.169110000000000316e-01 1.179869999999999974e+00 1.447400000000000020e+00 1.718890000000000029e+00 1.994399999999999951e+00 2.276209999999999845e+00 2.562359999999999971e+00 2.853590000000000071e+00 3.147530000000000161e+00 3.447459999999999969e+00 3.751999999999999780e+00 4.061530000000000307e+00 4.374749999999999694e+00 4.693570000000000242e+00 5.015939999999999621e+00 5.346809999999999619e+00 5.679339999999999833e+00 6.790790000000000326e+00 7.960099999999999731e+00 9.170640000000000569e+00 1.042759999999999998e+01 1.171710000000000029e+01 1.304129999999999967e+01 1.440349999999999930e+01 1.578950000000000031e+01 1.719079999999999941e+01 1.855880000000000152e+01 2.007509999999999906e+01 2.154309999999999903e+01 2.289089999999999847e+01 2.451099999999999923e+01 3.024340000000000117e+01 3.637500000000000000e+01 4.219389999999999930e+01 4.809100000000000108e+01 5.425450000000000017e+01
2.730890000000000040e+00 1.673360000000000125e-01 4.277279999999999971e-01 6.935029999999999806e-01 9.662439999999999918e-01 1.244089999999999918e+00 1.526620000000000088e+00 1.813569999999999904e+00 2.109030000000000182e+00 2.409409999999999830e+00 2.714179999999999815e+00 3.024999999999999911e+00 3.341050000000000075e+00 3.664359999999999840e+00 3.993119999999999781e+00 4.324080000000000368e+00 4.665079999999999671e+00 5.010299999999999976e+00 5.363269999999999982e+00 5.718230000000000146e+00 6.078610000000000291e+00 7.316239999999999633e+00 8.594530000000000669e+00 9.922390000000000043e+00 1.131150000000000055e+01 1.275590000000000046e+01 1.423499999999999943e+01 1.577020000000000088e+01 1.732039999999999935e+01 1.887770000000000081e+01 2.055049999999999955e+01 2.227740000000000009e+01 2.382479999999999976e+01 2.567229999999999990e+01 2.740830000000000055e+01 3.453620000000000090e+01 4.212189999999999657e+01 4.980369999999999919e+01 5.855369999999999919e+01 6.774949999999999761e+01
3.144340000000000135e+00 1.763820000000000110e-01 4.513249999999999762e-01 7.352410000000000334e-01 1.025179999999999980e+00 1.320619999999999905e+00 1.621129999999999960e+00 1.931259999999999977e+00 2.247549999999999937e+00 2.569479999999999986e+00 2.897310000000000052e+00 3.232990000000000030e+00 3.575590000000000046e+00 3.925120000000000164e+00 4.280499999999999972e+00 4.644720000000000404e+00 5.013480000000000381e+00 5.392529999999999824e+00 5.775789999999999758e+00 6.167360000000000397e+00 6.566589999999999705e+00 7.902800000000000047e+00 9.323069999999999524e+00 1.081460000000000043e+01 1.236979999999999968e+01 1.398590000000000089e+01 1.566350000000000087e+01 1.738899999999999935e+01 1.913660000000000139e+01 2.102430000000000021e+01 2.297860000000000014e+01 2.491750000000000043e+01 2.686929999999999907e+01 2.911759999999999948e+01 3.101330000000000098e+01 4.038629999999999853e+01 5.016259999999999764e+01 6.207039999999999935e+01 7.530949999999999989e+01 8.912380000000000280e+01
3.620379999999999932e+00 1.871839999999999893e-01 4.824550000000000227e-01 7.865389999999999882e-01 1.096889999999999921e+00 1.412919999999999954e+00 1.738860000000000072e+00 2.073170000000000179e+00 2.414190000000000058e+00 2.761989999999999945e+00 3.119159999999999933e+00 3.484719999999999818e+00 3.858260000000000023e+00 4.238410000000000011e+00 4.626070000000000348e+00 5.025509999999999700e+00 5.431989999999999874e+00 5.844829999999999970e+00 6.268340000000000245e+00 6.698769999999999669e+00 7.137669999999999959e+00 8.641450000000000742e+00 1.021729999999999983e+01 1.187689999999999912e+01 1.362359999999999971e+01 1.546250000000000036e+01 1.737419999999999831e+01 1.935539999999999949e+01 2.150570000000000093e+01 2.372690000000000055e+01 2.607910000000000039e+01 2.829439999999999955e+01 3.106749999999999901e+01 3.360419999999999874e+01 3.615070000000000050e+01 4.880299999999999727e+01 6.308840000000000003e+01 8.164879999999999427e+01 1.018610000000000042e+02 1.232009999999999934e+02
4.168490000000000251e+00 2.024670000000000081e-01 5.204280000000000017e-01 8.476770000000000138e-01 1.181319999999999926e+00 1.525430000000000064e+00 1.879059999999999953e+00 2.240530000000000133e+00 2.610739999999999839e+00 2.991719999999999935e+00 3.383119999999999905e+00 3.781080000000000219e+00 4.189409999999999634e+00 4.608030000000000292e+00 5.038140000000000285e+00 5.474140000000000228e+00 5.923910000000000231e+00 6.379190000000000360e+00 6.849660000000000082e+00 7.330460000000000420e+00 7.821390000000000065e+00 9.485720000000000596e+00 1.126079999999999970e+01 1.315559999999999974e+01 1.516580000000000084e+01 1.730969999999999942e+01 1.957239999999999824e+01 2.199159999999999826e+01 2.459669999999999845e+01 2.733380000000000010e+01 3.014310000000000045e+01 3.330749999999999744e+01 3.689220000000000255e+01 3.981810000000000116e+01 4.437389999999999901e+01 6.138490000000000180e+01 8.496939999999999316e+01 1.126569999999999965e+02 1.436570000000000107e+02 1.781030000000000086e+02
4.799579999999999735e+00 2.191110000000000002e-01 5.629410000000000247e-01 9.162909999999999666e-01 1.281639999999999890e+00 1.657149999999999901e+00 2.042450000000000099e+00 2.437009999999999899e+00 2.844030000000000058e+00 3.264260000000000161e+00 3.694659999999999833e+00 4.131809999999999761e+00 4.585060000000000358e+00 5.050720000000000098e+00 5.528539999999999566e+00 6.018320000000000114e+00 6.516530000000000378e+00 7.031509999999999927e+00 7.561250000000000249e+00 8.102959999999999496e+00 8.654600000000000293e+00 1.056380000000000052e+01 1.261069999999999958e+01 1.481349999999999945e+01 1.718509999999999849e+01 1.972729999999999961e+01 2.251589999999999847e+01 2.555260000000000176e+01 2.882659999999999911e+01 3.239840000000000231e+01 3.621829999999999927e+01 4.087559999999999860e+01 4.525099999999999767e+01 5.038859999999999673e+01 5.641969999999999885e+01 8.200459999999999638e+01 1.186110000000000042e+02 1.594449999999999932e+02 2.085029999999999859e+02 2.600860000000000127e+02
5.526209999999999845e+00 2.384020000000000028e-01 6.115909999999999958e-01 1.000119999999999898e+00 1.401610000000000023e+00 1.813870000000000093e+00 2.236260000000000137e+00 2.674059999999999881e+00 3.126269999999999882e+00 3.593100000000000183e+00 4.069530000000000314e+00 4.561250000000000249e+00 5.072020000000000195e+00 5.597159999999999691e+00 6.130010000000000403e+00 6.685039999999999871e+00 7.251710000000000100e+00 7.844999999999999751e+00 8.444399999999999906e+00 9.063860000000000028e+00 9.704980000000000828e+00 1.192590000000000039e+01 1.433309999999999995e+01 1.697119999999999962e+01 1.988019999999999854e+01 2.312249999999999872e+01 2.666529999999999845e+01 3.069679999999999964e+01 3.499710000000000321e+01 4.003040000000000020e+01 4.565849999999999653e+01 5.220989999999999753e+01 5.809510000000000218e+01 6.720569999999999311e+01 7.455310000000000059e+01 1.165229999999999961e+02 1.691579999999999870e+02 2.324190000000000111e+02 3.044019999999999868e+02 3.789560000000000173e+02
6.362849999999999895e+00 2.605120000000000213e-01 6.734069999999999778e-01 1.104980000000000073e+00 1.549609999999999932e+00 2.005399999999999849e+00 2.479039999999999910e+00 2.970839999999999925e+00 3.480199999999999960e+00 4.003659999999999997e+00 4.544800000000000395e+00 5.110829999999999984e+00 5.694670000000000343e+00 6.292559999999999931e+00 6.914139999999999731e+00 7.548409999999999620e+00 8.224389999999999645e+00 8.908139999999999503e+00 9.614530000000000243e+00 1.035079999999999956e+01 1.110790000000000077e+01 1.376079999999999970e+01 1.672960000000000136e+01 2.004660000000000153e+01 2.376780000000000115e+01 2.802969999999999828e+01 3.280700000000000216e+01 3.828810000000000002e+01 4.460260000000000247e+01 5.187559999999999860e+01 6.050560000000000116e+01 6.885330000000000439e+01 8.004859999999999332e+01 9.191289999999999338e+01 1.017639999999999958e+02 1.665020000000000095e+02 2.413460000000000036e+02 3.377789999999999964e+02 4.377669999999999959e+02 5.370230000000000246e+02
7.326159999999999783e+00 2.920320000000000138e-01 7.569649999999999990e-01 1.240560000000000107e+00 1.737970000000000015e+00 2.255959999999999965e+00 2.798810000000000020e+00 3.361679999999999779e+00 3.941289999999999960e+00 4.543870000000000076e+00 5.178499999999999659e+00 5.840080000000000382e+00 6.516860000000000319e+00 7.222349999999999604e+00 7.960169999999999746e+00 8.736629999999999896e+00 9.524770000000000181e+00 1.035110000000000063e+01 1.121470000000000056e+01 1.210060000000000002e+01 1.304770000000000074e+01 1.639819999999999922e+01 2.016929999999999978e+01 2.450550000000000139e+01 2.957539999999999836e+01 3.535220000000000340e+01 4.233229999999999649e+01 5.013139999999999930e+01 5.968019999999999925e+01 7.024160000000000537e+01 8.259139999999999304e+01 9.567730000000000246e+01 1.129789999999999992e+02 1.276159999999999997e+02 1.481380000000000052e+02 2.378170000000000073e+02 3.510849999999999795e+02 4.830480000000000018e+02 6.205470000000000255e+02 7.557100000000000364e+02
8.435309999999999420e+00 3.341899999999999871e-01 8.637559999999999683e-01 1.413739999999999997e+00 1.988480000000000025e+00 2.593820000000000014e+00 3.225820000000000132e+00 3.880290000000000017e+00 4.565290000000000070e+00 5.291210000000000413e+00 6.048230000000000217e+00 6.841029999999999944e+00 7.662289999999999601e+00 8.530329999999999302e+00 9.435729999999999507e+00 1.039899999999999913e+01 1.137480000000000047e+01 1.243329999999999913e+01 1.352539999999999942e+01 1.469120000000000026e+01 1.587959999999999994e+01 2.018819999999999837e+01 2.533820000000000050e+01 3.139020000000000010e+01 3.858610000000000184e+01 4.694369999999999976e+01 5.687230000000000274e+01 6.855410000000000537e+01 8.224039999999999395e+01 9.805480000000000018e+01 1.150630000000000024e+02 1.369979999999999905e+02 1.594519999999999982e+02 1.813369999999999891e+02 2.128449999999999989e+02 3.342819999999999823e+02 4.982450000000000045e+02 6.717949999999999591e+02 8.523369999999999891e+02 1.033869999999999891e+03
9.712369999999999948e+00 3.884500000000000175e-01 1.003519999999999968e+00 1.650369999999999893e+00 2.340040000000000120e+00 3.063480000000000203e+00 3.816339999999999844e+00 4.608679999999999666e+00 5.462769999999999904e+00 6.357389999999999652e+00 7.287469999999999892e+00 8.281090000000000728e+00 9.324830000000000396e+00 1.043960000000000043e+01 1.162049999999999983e+01 1.281409999999999982e+01 1.414329999999999998e+01 1.551440000000000019e+01 1.699849999999999994e+01 1.850819999999999865e+01 2.011759999999999948e+01 2.623420000000000130e+01 3.338369999999999749e+01 4.186699999999999733e+01 5.212559999999999860e+01 6.456119999999999948e+01 7.881629999999999825e+01 9.633350000000000080e+01 1.157429999999999950e+02 1.383629999999999995e+02 1.648650000000000091e+02 1.956320000000000050e+02 2.229660000000000082e+02 2.632989999999999782e+02 3.004429999999999836e+02 4.769379999999999882e+02 6.911340000000000146e+02 9.173139999999999645e+02 1.152200000000000045e+03 1.382309999999999945e+03
1.118280000000000030e+01 4.627829999999999999e-01 1.202919999999999989e+00 2.004690000000000083e+00 2.853969999999999896e+00 3.742910000000000181e+00 4.683189999999999742e+00 5.707659999999999734e+00 6.793929999999999580e+00 7.936300000000000132e+00 9.144080000000000652e+00 1.045219999999999949e+01 1.185449999999999982e+01 1.332740000000000080e+01 1.488080000000000069e+01 1.657410000000000139e+01 1.836520000000000152e+01 2.026360000000000028e+01 2.227359999999999829e+01 2.441779999999999973e+01 2.670570000000000022e+01 3.498530000000000229e+01 4.537089999999999890e+01 5.796569999999999823e+01 7.294159999999999400e+01 9.081539999999999679e+01 1.119009999999999962e+02 1.361829999999999927e+02 1.639919999999999902e+02 1.972410000000000139e+02 2.350759999999999934e+02 2.741949999999999932e+02 3.179630000000000223e+02 3.705710000000000264e+02 4.150299999999999727e+02 6.604099999999999682e+02 9.300969999999999800e+02 1.227799999999999955e+03 1.520539999999999964e+03 1.789670000000000073e+03
1.287579999999999991e+01 5.746160000000000156e-01 1.527730000000000032e+00 2.549409999999999954e+00 3.630409999999999915e+00 4.775990000000000180e+00 6.038780000000000037e+00 7.392170000000000130e+00 8.827999999999999403e+00 1.035379999999999967e+01 1.202529999999999966e+01 1.382510000000000083e+01 1.572830000000000084e+01 1.775929999999999964e+01 1.990680000000000049e+01 2.234029999999999916e+01 2.482929999999999993e+01 2.751079999999999970e+01 3.037040000000000006e+01 3.342360000000000042e+01 3.669919999999999760e+01 4.909969999999999857e+01 6.395859999999999701e+01 8.186459999999999582e+01 1.032000000000000028e+02 1.286330000000000098e+02 1.585099999999999909e+02 1.923609999999999900e+02 2.331860000000000070e+02 2.785989999999999895e+02 3.293360000000000127e+02 3.799080000000000155e+02 4.465609999999999786e+02 5.079139999999999873e+02 5.728200000000000500e+02 8.890969999999999800e+02 1.230210000000000036e+03 1.598789999999999964e+03 1.954289999999999964e+03 2.268610000000000127e+03
1.482510000000000083e+01 7.736100000000000199e-01 2.034790000000000099e+00 3.380710000000000104e+00 4.813900000000000290e+00 6.407259999999999955e+00 8.134819999999999496e+00 9.972979999999999734e+00 1.193619999999999948e+01 1.411069999999999958e+01 1.647070000000000078e+01 1.895700000000000074e+01 2.162509999999999977e+01 2.452799999999999869e+01 2.772210000000000107e+01 3.102390000000000114e+01 3.463530000000000086e+01 3.842849999999999966e+01 4.251610000000000156e+01 4.700679999999999836e+01 5.168359999999999843e+01 6.884239999999999782e+01 9.006539999999999679e+01 1.158190000000000026e+02 1.463160000000000025e+02 1.820749999999999886e+02 2.233129999999999882e+02 2.712309999999999945e+02 3.262320000000000277e+02 3.866519999999999868e+02 4.492669999999999959e+02 5.257960000000000491e+02 6.070839999999999463e+02 6.793350000000000364e+02 7.797799999999999727e+02 1.161930000000000064e+03 1.596109999999999900e+03 2.028339999999999918e+03 2.445530000000000200e+03 2.818360000000000127e+03
1.706960000000000122e+01 1.056850000000000067e+00 2.771259999999999835e+00 4.601009999999999600e+00 6.650170000000000137e+00 8.883219999999999672e+00 1.128539999999999921e+01 1.385100000000000087e+01 1.668489999999999895e+01 1.980059999999999931e+01 2.313340000000000174e+01 2.661210000000000164e+01 3.046010000000000062e+01 3.466420000000000101e+01 3.921300000000000097e+01 4.397440000000000282e+01 4.904299999999999926e+01 5.451659999999999684e+01 6.045120000000000005e+01 6.673460000000000036e+01 7.336090000000000089e+01 9.847069999999999368e+01 1.284159999999999968e+02 1.641030000000000086e+02 2.059819999999999993e+02 2.545509999999999877e+02 3.107869999999999777e+02 3.752080000000000268e+02 4.464159999999999968e+02 5.232839999999999918e+02 6.094800000000000182e+02 7.082240000000000464e+02 8.017160000000000082e+02 9.083920000000000528e+02 1.023769999999999982e+03 1.492529999999999973e+03 2.011160000000000082e+03 2.510929999999999836e+03 2.985860000000000127e+03 3.410320000000000164e+03
1.965390000000000015e+01 1.469000000000000083e+00 3.839999999999999858e+00 6.495630000000000237e+00 9.414780000000000371e+00 1.256450000000000067e+01 1.593340000000000067e+01 1.965099999999999980e+01 2.372609999999999886e+01 2.812930000000000064e+01 3.280219999999999914e+01 3.781389999999999674e+01 4.343639999999999901e+01 4.938700000000000045e+01 5.553509999999999991e+01 6.241449999999999676e+01 6.954489999999999839e+01 7.748619999999999663e+01 8.559149999999999636e+01 9.434890000000000043e+01 1.037289999999999992e+02 1.382400000000000091e+02 1.793220000000000027e+02 2.280180000000000007e+02 2.846859999999999786e+02 3.501139999999999759e+02 4.236669999999999732e+02 5.070210000000000150e+02 5.961549999999999727e+02 6.962129999999999654e+02 8.086649999999999636e+02 9.251079999999999472e+02 1.039380000000000109e+03 1.179900000000000091e+03 1.308059999999999945e+03 1.880230000000000018e+03 2.472010000000000218e+03 3.048750000000000000e+03 3.566800000000000182e+03 4.029829999999999927e+03
2.262940000000000040e+01 2.045980000000000132e+00 5.490840000000000387e+00 9.308719999999999217e+00 1.343580000000000041e+01 1.783909999999999840e+01 2.269239999999999924e+01 2.805339999999999989e+01 3.379729999999999990e+01 3.987500000000000000e+01 4.653090000000000259e+01 5.378179999999999694e+01 6.157319999999999993e+01 6.977160000000000650e+01 7.861679999999999779e+01 8.789830000000000609e+01 9.820709999999999695e+01 1.088449999999999989e+02 1.201410000000000053e+02 1.321539999999999964e+02 1.448729999999999905e+02 1.919219999999999970e+02 2.473859999999999957e+02 3.118210000000000264e+02 3.858589999999999804e+02 4.699619999999999891e+02 5.637569999999999482e+02 6.666739999999999782e+02 7.809130000000000109e+02 9.078440000000000509e+02 1.043369999999999891e+03 1.173230000000000018e+03 1.330000000000000000e+03 1.485849999999999909e+03 1.628569999999999936e+03 2.302130000000000109e+03 2.961679999999999836e+03 3.604940000000000055e+03 4.172949999999999818e+03 4.646380000000000109e+03
2.605529999999999902e+01 2.975839999999999819e+00 7.928600000000000314e+00 1.328969999999999985e+01 1.901129999999999853e+01 2.530770000000000053e+01 3.221209999999999951e+01 3.965650000000000119e+01 4.753309999999999746e+01 5.603829999999999956e+01 6.537120000000000175e+01 7.535989999999999611e+01 8.588389999999999702e+01 9.710389999999999588e+01 1.092489999999999952e+02 1.221919999999999931e+02 1.357119999999999891e+02 1.499929999999999950e+02 1.652510000000000048e+02 1.812719999999999914e+02 1.984279999999999973e+02 2.608919999999999959e+02 3.329649999999999750e+02 4.156589999999999918e+02 5.100899999999999750e+02 6.148440000000000509e+02 7.322759999999999536e+02 8.598170000000000073e+02 1.001769999999999982e+03 1.151539999999999964e+03 1.305369999999999891e+03 1.469809999999999945e+03 1.650150000000000091e+03 1.818009999999999991e+03 2.005960000000000036e+03 2.749559999999999945e+03 3.487460000000000036e+03 4.170289999999999964e+03 4.777920000000000073e+03 5.282909999999999854e+03
3.000000000000000000e+01 4.222920000000000229e+00 1.110730000000000040e+01 1.846259999999999835e+01 2.648979999999999890e+01 3.529809999999999803e+01 4.476359999999999673e+01 5.478750000000000142e+01 6.564820000000000277e+01 7.741570000000000107e+01 8.995359999999999445e+01 1.033340000000000032e+02 1.174759999999999991e+02 1.325860000000000127e+02 1.485389999999999873e+02 1.657789999999999964e+02 1.835039999999999907e+02 2.025600000000000023e+02 2.226289999999999907e+02 2.439000000000000057e+02 2.658659999999999854e+02 3.450910000000000082e+02 4.372810000000000059e+02 5.418630000000000564e+02 6.586219999999999573e+02 7.874909999999999854e+02 9.291520000000000437e+02 1.083009999999999991e+03 1.247940000000000055e+03 1.420039999999999964e+03 1.597160000000000082e+03 1.795609999999999900e+03 1.990710000000000036e+03 2.182010000000000218e+03 2.393610000000000127e+03 3.204110000000000127e+03 4.002460000000000036e+03 4.717840000000000146e+03 5.349470000000000255e+03 5.873640000000000327e+03
