# Energy [MeV] - sigma [mb] - sigma_err [mb]
10.3 	-1.47 	0.374 
10.5 	-0.129 	0.336 
10.6 	-0.746 	0.280 
10.8 	-0.353 	0.318 
11.1 	-0.165 	0.374 
11.3 	-0.932 	0.336 
11.4 	-1.08 	0.280 
11.7 	-1.13 	0.336 
11.9 	-1.02 	0.205 
12.1 	-0.686 	0.299 
12.3 	-1.11 	0.262 
12.5 	-0.330 	0.299 
12.7 	-0.0487 	0.262 
12.9 	0.0266 	0.262 
13.1 	0.251 	0.280 
13.3 	-0.196 	0.280 
13.5 	-0.570 	0.205 
13.7 	0.440 	0.336 
13.9 	0.235 	0.262 
14.1 	0.516 	0.318 
14.3 	0.386 	0.280 
14.5 	0.330 	0.224 
14.7 	0.405 	0.261 
14.9 	-0.155 	0.243 
15.1 	0.425 	0.261 
15.3 	-0.154 	0.299 
15.5 	0.202 	0.299 
15.7 	-0.452 	0.261 
15.9 	0.296 	0.187 
16.1 	0.353 	0.262 
16.3 	0.597 	0.336 
16.5 	0.279 	0.168 
16.7 	0.167 	0.205 
16.9 	0.561 	0.374 
17.1 	0.356 	0.336 
17.3 	0.487 	0.280 
17.5 	0.956 	0.280 
17.7 	1.38 	0.224 
17.9 	1.38 	0.262 
18.1 	1.33 	0.280 
18.3 	1.55 	0.224 
18.5 	1.93 	0.280 
18.6 	2.25 	0.262 
18.9 	2.75 	0.280 
19.1 	2.60 	0.224 
19.3 	2.42 	0.280 
19.5 	2.73 	0.224 
19.7 	2.83 	0.261 
19.9 	3.67 	0.262 
20.1 	3.65 	0.187 
20.3 	3.64 	0.243 
20.5 	3.67 	0.318 
20.7 	4.76 	0.243 
20.9 	4.50 	0.168 
21.1 	4.93 	0.280 
21.3 	4.82 	0.299 
21.5 	5.21 	0.205 
21.7 	5.79 	0.262 
21.9 	4.91 	0.280 
22.2 	4.88 	0.318 
22.3 	4.89 	0.280 
22.5 	4.75 	0.262 
22.7 	5.33 	0.299 
22.9 	5.27 	0.280 
23.1 	4.73 	0.131 
23.3 	5.33 	0.262 
23.5 	5.31 	0.317 
23.7 	5.24 	0.187 
23.9 	5.29 	0.261 
24.1 	4.92 	0.187 
24.3 	5.18 	0.224 
24.5 	5.41 	0.336 
24.7 	4.83 	0.280 
24.9 	5.07 	0.261 
25.1 	5.22 	0.262 
25.3 	4.98 	0.224 
25.5 	5.43 	0.317 
25.7 	5.24 	0.280 
25.9 	4.92 	0.205 
26.1 	5.43 	0.261 
26.3 	5.06 	0.280 
26.4 	5.37 	0.299 
26.7 	5.39 	0.243 
26.9 	5.08 	0.243 
27.1 	5.19 	0.280 
27.3 	4.91 	0.336 
27.5 	5.40 	0.262 
27.7 	5.00 	0.224 
27.9 	4.95 	0.243 
28.1 	5.72 	0.318 
28.3 	4.26 	0.374 
28.5 	4.97 	0.299 
28.7 	5.21 	0.318 
28.8 	4.89 	0.299 
29.1 	4.95 	0.355 
29.3 	4.17 	0.243 
29.4 	4.22 	0.243 
29.7 	4.39 	0.243 
29.9 	4.75 	0.243 
30.1 	5.10 	0.336 
30.3 	4.34 	0.187 
30.5 	4.65 	0.243 
30.7 	4.52 	0.224 
30.9 	4.97 	0.318 
31.1 	4.39 	0.262 
31.3 	5.11 	0.261 
31.5 	4.90 	0.430 
31.7 	4.88 	0.280 
31.9 	3.93 	0.374 
32.1 	4.47 	0.393 
32.3 	4.68 	0.261 
32.5 	5.09 	0.336 
32.7 	4.49 	0.355 
32.9 	4.01 	0.318 
33.1 	4.18 	0.448 
33.3 	4.23 	0.355 
33.5 	3.93 	0.486 
33.7 	3.95 	0.280 
34.0 	3.95 	0.355 
34.1 	3.79 	0.392 
34.3 	4.12 	0.579 
34.5 	4.35 	0.486 
34.7 	4.03 	0.561 
34.9 	3.88 	0.449 
35.1 	4.59 	0.393 
35.3 	3.73 	0.467 
35.5 	3.81 	0.449 
35.7 	3.96 	0.523 
35.9 	3.75 	0.449 
36.1 	3.72 	0.374 
36.3 	3.42 	0.542 
36.5 	4.15 	0.411 
36.7 	3.49 	0.411 
36.9 	4.34 	0.411 
37.1 	3.66 	0.486 
37.3 	3.63 	0.505 
37.5 	3.61 	0.523 
37.7 	2.48 	0.598 
37.8 	3.57 	0.336 
38.0 	4.53 	0.524 
38.3 	3.57 	0.505 
38.5 	3.35 	0.598 
38.7 	3.29 	0.654 
38.9 	2.41 	0.467 
39.1 	3.24 	0.542 
39.3 	3.01 	0.636 
39.5 	2.81 	0.430 
39.7 	4.83 	0.804 
43.8 	3.02 	0.299 
44.1 	3.27 	0.355 
45.0 	3.02 	0.299 
45.9 	3.12 	0.299 
46.7 	2.76 	0.373 
47.4 	2.59 	0.411 
48.2 	2.35 	0.411 
49.0 	2.24 	0.448 
49.7 	2.07 	0.242 
50.5 	2.26 	0.448 
51.1 	2.09 	0.523 
51.9 	2.59 	0.317 
52.7 	2.33 	0.373 
53.4 	1.66 	0.429 
54.0 	1.64 	0.373 
54.6 	2.05 	0.392 
55.8 	1.77 	0.448 
56.4 	1.40 	0.392 
57.2 	1.75 	0.336 
57.8 	2.44 	0.429 
58.7 	1.45 	0.373 
59.4 	1.92 	0.429 
60.2 	0.523 	0.504 
60.9 	1.43 	0.392 
61.6 	0.990 	0.429 
62.3 	1.77 	0.355 
63.1 	1.96 	0.392 
63.9 	2.01 	0.448 
64.4 	1.81 	0.467 
65.4 	1.73 	0.373 
66.2 	0.953 	0.429 
66.8 	1.70 	0.411 
67.6 	1.79 	0.485 
68.4 	1.42 	0.317 
69.1 	1.12 	0.411 
69.7 	1.49 	0.467 
70.7 	1.34 	0.429 
71.3 	1.04 	0.467 
72.2 	0.523 	0.448 
72.9 	1.02 	0.448 
73.4 	1.25 	0.467 
74.4 	0.392 	0.355 
75.2 	1.08 	0.485 
76.0 	1.15 	0.373 
76.7 	1.79 	0.560 
77.3 	0.990 	0.485 
78.2 	0.878 	0.429 
78.9 	0.392 	0.467 
79.8 	1.30 	0.598 
80.2 	0.672 	0.429 
81.0 	0.299 	0.429 
81.8 	0.261 	0.355 
82.7 	0.485 	0.299 
83.3 	1.02 	0.392 
84.3 	1.15 	0.392 
84.9 	0.710 	0.336 
85.9 	1.45 	0.448 
86.7 	0.803 	0.355 
87.7 	0.149 	0.411 
88.5 	0.878 	0.336 
89.4 	1.17 	0.336 
90.4 	0.467 	0.467 
91.1 	1.30 	0.448 
91.9 	1.38 	0.336 
92.9 	0.859 	0.299 
94.2 	0.897 	0.317 
94.7 	0.205 	0.336 
95.7 	0.841 	0.355 
96.8 	0.392 	0.299 
97.6 	0.710 	0.261 
98.7 	1.00 	0.411 
99.7 	0.710 	0.261 
100 	0.355 	0.242 
101 	0.728 	0.336 
102 	0.504 	0.261 
103 	0.448 	0.261 
105 	0.785 	0.317 
105 	0.467 	0.261 
106 	0.467 	0.242 
108 	0.654 	0.317 
109 	0.224 	0.299 
110 	0.616 	0.299 
111 	0.542 	0.317 
112 	0.485 	0.205 
113 	1.02 	0.317 
114 	0.504 	0.224 
115 	0.560 	0.261 
117 	0.654 	0.242 
118 	0.429 	0.00 
118 	0.691 	0.00 
120 	0.523 	0.242 
121 	0.299 	0.224 
123 	0.616 	0.280 
124 	1.08 	0.261 
125 	0.485 	0.280 
126 	0.242 	0.280 
128 	0.429 	0.261 
129 	0.635 	0.242 
130 	0.598 	0.317 
131 	0.355 	0.280 
133 	0.467 	0.261 
134 	0.411 	0.205 
136 	0.205 	0.224 
137 	0.130 	0.224 
138 	0.130 	0.242 
