# Energy [MeV] - sigma [mb] - sigma_err [mb]
10.2 	2.37 	1.32 
10.4 	3.56 	1.71 
10.6 	5.94 	1.45 
10.8 	4.62 	1.58 
11.0 	3.17 	1.71 
11.2 	1.18 	1.45 
11.4 	4.09 	1.58 
11.6 	3.30 	1.18 
11.8 	1.58 	1.32 
12.0 	1.32 	1.71 
12.2 	2.77 	1.45 
12.4 	1.98 	1.45 
12.6 	5.15 	1.71 
12.8 	1.98 	1.45 
13.0 	3.30 	1.85 
13.2 	2.64 	1.98 
13.4 	3.96 	1.45 
13.6 	1.45 	1.45 
13.8 	1.58 	2.11 
14.0 	1.71 	1.58 
14.2 	4.88 	1.85 
14.3 	6.21 	1.58 
14.6 	3.83 	1.45 
14.8 	8.32 	1.85 
14.9 	8.85 	1.98 
15.3 	9.77 	2.24 
15.4 	7.26 	1.45 
15.6 	8.19 	2.11 
15.8 	6.21 	1.58 
16.0 	7.26 	1.85 
16.2 	3.17 	1.85 
16.4 	5.41 	1.45 
16.6 	5.41 	1.18 
16.8 	5.55 	1.98 
17.1 	5.41 	1.58 
17.2 	11.6 	1.85 
17.4 	13.3 	1.85 
17.6 	19.8 	1.71 
17.8 	26.1 	1.98 
17.9 	35.0 	1.45 
18.1 	41.6 	1.58 
18.4 	30.5 	1.71 
18.6 	28.1 	1.71 
18.8 	38.0 	1.45 
18.9 	44.0 	1.71 
19.2 	39.6 	1.71 
19.4 	36.4 	1.18 
19.6 	48.5 	1.85 
19.8 	53.9 	1.85 
19.9 	57.7 	1.71 
20.1 	49.8 	1.58 
20.4 	41.2 	1.71 
20.6 	40.5 	1.32 
20.7 	48.2 	1.45 
21.0 	50.3 	1.71 
21.2 	54.5 	1.71 
21.3 	45.5 	1.98 
21.6 	40.8 	1.85 
21.8 	35.0 	1.85 
22.0 	27.0 	1.58 
22.1 	28.0 	1.85 
22.3 	25.3 	1.45 
22.6 	25.9 	1.45 
22.8 	25.7 	2.77 
23.0 	28.9 	2.24 
23.2 	22.5 	1.98 
23.4 	22.3 	1.98 
23.6 	24.3 	2.11 
23.8 	24.8 	2.90 
24.0 	21.6 	2.37 
24.1 	22.7 	2.64 
24.4 	20.3 	2.64 
24.6 	21.1 	2.77 
24.7 	19.1 	4.09 
25.0 	22.0 	2.77 
25.2 	20.0 	3.03 
25.4 	19.2 	2.51 
25.6 	21.5 	2.51 
25.7 	10.4 	4.49 
26.0 	19.6 	2.90 
26.2 	21.1 	3.03 
26.4 	14.9 	3.03 
26.6 	22.4 	2.77 
26.7 	24.8 	4.75 
26.9 	21.2 	2.77 
27.2 	20.0 	3.17 
27.3 	21.5 	2.51 
27.6 	12.5 	6.34 
27.8 	18.5 	3.56 
28.1 	18.7 	2.64 
28.2 	14.2 	3.17 
28.4 	16.9 	3.83 
28.6 	17.1 	3.43 
28.8 	15.0 	3.43 
29.0 	13.7 	3.56 
29.2 	11.2 	3.70 
29.4 	13.3 	3.43 
29.6 	13.2 	3.43 
29.8 	10.9 	2.77 
30.1 	8.85 	2.90 
30.2 	4.36 	3.96 
30.3 	17.3 	3.17 
30.5 	17.1 	3.03 
30.8 	15.5 	3.43 
31.0 	19.0 	3.43 
31.2 	14.5 	3.96 
31.4 	11.6 	3.30 
31.6 	10.3 	2.90 
31.8 	10.9 	5.41 
32.0 	12.0 	3.96 
32.3 	13.7 	3.70 
32.4 	10.8 	4.49 
32.6 	14.1 	3.56 
32.7 	12.6 	4.62 
33.0 	10.1 	4.09 
33.3 	5.55 	3.43 
33.4 	17.8 	3.83 
33.6 	11.2 	4.22 
33.8 	10.3 	5.81 
34.0 	12.4 	4.49 
34.2 	22.3 	5.55 
34.4 	10.7 	4.22 
34.6 	16.1 	4.09 
34.8 	16.5 	5.41 
35.0 	9.64 	3.30 
35.1 	13.7 	5.28 
35.4 	8.85 	3.96 
35.6 	20.8 	6.21 
35.7 	5.55 	4.49 
36.0 	18.3 	4.88 
36.1 	12.0 	5.81 
36.3 	11.7 	5.28 
36.5 	9.38 	5.81 
36.7 	11.4 	5.68 
37.0 	11.3 	4.36 
37.2 	7.79 	5.81 
37.4 	4.62 	5.15 
37.5 	3.56 	5.15 
37.7 	14.9 	6.34 
38.0 	11.3 	2.37 
38.1 	16.6 	8.45 
38.4 	10.7 	2.37 
38.6 	6.74 	9.11 
38.7 	8.85 	5.81 
38.9 	7.66 	2.51 
39.2 	6.87 	6.74 
39.3 	4.88 	3.03 
39.6 	9.25 	6.87 
39.8 	6.34 	2.51 
41.1 	5.72 	1.71 
41.8 	8.48 	1.97 
42.5 	4.13 	3.02 
43.4 	5.45 	3.55 
44.1 	5.05 	3.28 
44.9 	4.66 	3.55 
45.7 	0.317 	3.02 
46.6 	6.89 	4.21 
47.3 	5.70 	3.42 
47.8 	4.65 	3.15 
48.6 	3.20 	3.94 
49.5 	7.67 	3.02 
50.4 	7.14 	4.34 
50.7 	9.38 	4.60 
51.7 	4.51 	3.02 
52.5 	10.3 	3.68 
53.4 	10.5 	3.55 
53.9 	6.74 	2.76 
54.9 	4.77 	2.50 
55.4 	-0.230 	4.07 
56.2 	7.39 	3.42 
57.0 	6.47 	3.28 
57.8 	8.71 	3.81 
58.1 	4.10 	2.76 
58.9 	8.84 	3.81 
59.7 	3.31 	3.81 
60.5 	7.12 	4.60 
61.3 	3.57 	3.15 
62.1 	5.28 	3.28 
62.7 	3.83 	2.89 
63.4 	5.80 	3.68 
64.3 	5.40 	3.68 
65.3 	6.85 	3.02 
66.1 	1.85 	2.89 
66.7 	8.42 	2.76 
67.4 	2.37 	3.55 
68.1 	5.92 	3.28 
69.1 	3.42 	3.55 
70.1 	1.44 	3.55 
70.6 	1.31 	3.15 
71.2 	1.70 	2.89 
71.8 	1.97 	3.28 
72.6 	5.78 	3.55 
73.3 	-3.16 	3.68 
74.1 	-3.42 	3.94 
74.7 	-1.98 	3.42 
75.7 	-1.45 	3.15 
76.3 	-5.93 	3.28 
77.4 	-3.43 	2.76 
77.7 	-0.541 	3.15 
78.8 	2.61 	3.42 
79.5 	-2.12 	3.02 
80.1 	-2.38 	2.63 
80.9 	-2.78 	3.42 
81.7 	-1.20 	3.15 
82.6 	3.13 	3.55 
83.5 	-2.00 	3.55 
84.3 	-0.556 	3.28 
84.9 	-0.689 	4.07 
85.9 	-2.92 	3.55 
86.7 	-8.06 	3.28 
87.6 	6.27 	3.68 
88.7 	6.53 	3.55 
89.7 	1.93 	4.07 
90.5 	3.50 	3.28 
91.5 	-3.72 	4.60 
92.1 	1.00 	3.15 
93.2 	-1.49 	3.42 
93.9 	-6.76 	3.28 
95.3 	-1.36 	3.29 
96.1 	-4.66 	3.42 
97.1 	-5.58 	2.89 
97.6 	1.65 	2.36 
98.8 	-3.74 	3.15 
99.9 	-6.51 	3.02 
100 	-5.19 	3.42 
101 	2.56 	3.94 
103 	6.11 	4.21 
104 	5.45 	3.81 
104 	6.76 	4.21 
106 	-3.49 	4.86 
107 	1.23 	6.05 
107 	9.12 	5.52 
109 	6.49 	5.39 
110 	6.22 	4.99 
111 	5.30 	4.73 
112 	7.93 	7.50 
113 	4.37 	5.52 
114 	5.03 	5.00 
116 	-2.07 	6.71 
116 	10.0 	5.26 
118 	11.6 	5.39 
119 	2.13 	4.60 
120 	5.68 	5.39 
121 	10.1 	6.44 
122 	1.07 	6.18 
124 	13.1 	5.92 
125 	0.0121 	5.39 
126 	1.19 	6.05 
128 	7.24 	4.86 
129 	7.50 	6.18 
130 	6.31 	5.39 
132 	8.55 	5.52 
133 	3.28 	4.60 
134 	6.04 	3.81 
135 	6.30 	4.86 
137 	4.85 	3.94 
138 	7.21 	4.34 
