# Energy [MeV] - sigma [mb] - sigma_err [mb]
10.4 	-1.96 	0.980 
10.6 	-1.28 	1.13 
10.8 	-0.977 	1.13 
11.0 	-0.674 	1.28 
11.2 	-0.446 	1.58 
11.4 	0.535 	1.05 
11.6 	1.89 	0.905 
11.8 	2.80 	1.28 
12.0 	1.06 	0.754 
12.2 	0.689 	0.754 
12.5 	2.20 	0.754 
12.6 	2.12 	0.754 
12.9 	3.71 	0.754 
13.0 	2.88 	0.679 
13.2 	7.10 	0.905 
13.4 	3.48 	0.980 
13.6 	3.94 	0.830 
13.8 	1.75 	0.981 
14.0 	1.67 	0.679 
14.2 	-0.0551 	0.830 
14.4 	1.22 	0.679 
14.6 	2.51 	0.905 
14.8 	3.79 	0.830 
15.0 	3.11 	0.830 
15.1 	1.15 	0.905 
15.4 	3.27 	1.20 
15.6 	1.61 	0.981 
15.8 	2.59 	1.13 
16.0 	3.27 	1.13 
16.2 	2.74 	0.829 
16.4 	3.50 	1.05 
16.6 	2.89 	0.980 
16.8 	4.03 	0.905 
16.9 	3.58 	0.603 
17.2 	5.84 	0.829 
17.4 	8.86 	0.980 
17.6 	4.11 	1.13 
17.8 	2.67 	0.981 
18.0 	3.13 	0.905 
18.2 	2.60 	1.13 
18.4 	2.75 	0.905 
18.6 	2.07 	0.980 
18.8 	4.87 	1.13 
19.0 	6.83 	1.13 
19.2 	6.15 	1.13 
19.3 	5.17 	1.13 
19.6 	7.29 	1.20 
19.8 	7.14 	1.20 
20.0 	4.87 	0.980 
20.2 	5.78 	0.905 
20.4 	7.06 	1.20 
20.6 	8.50 	1.05 
20.7 	12.4 	0.830 
21.0 	14.9 	1.13 
21.2 	15.9 	1.13 
21.4 	12.4 	0.754 
21.6 	14.4 	1.20 
21.8 	18.3 	1.13 
22.0 	22.9 	1.05 
22.2 	31.5 	1.05 
22.4 	32.4 	1.20 
22.6 	29.7 	0.830 
22.8 	26.8 	1.05 
23.0 	27.0 	0.829 
23.2 	29.1 	0.980 
23.4 	24.8 	0.905 
23.5 	23.0 	0.905 
23.8 	21.0 	0.981 
24.0 	24.0 	1.13 
24.2 	27.0 	1.13 
24.3 	28.5 	1.43 
24.6 	23.5 	0.905 
24.7 	24.6 	0.830 
25.0 	22.8 	0.830 
25.2 	23.0 	0.754 
25.3 	21.5 	1.20 
25.6 	20.9 	0.905 
25.8 	21.1 	0.679 
25.9 	19.3 	0.905 
26.2 	18.7 	0.905 
26.4 	16.6 	0.980 
26.6 	17.2 	0.905 
26.8 	16.3 	0.830 
27.0 	14.1 	0.905 
27.1 	14.4 	0.905 
27.4 	13.2 	1.20 
27.6 	13.0 	0.905 
27.7 	13.7 	0.754 
27.9 	12.1 	1.05 
28.1 	12.6 	0.830 
28.3 	10.8 	0.754 
28.6 	11.5 	1.13 
28.7 	10.6 	0.981 
28.9 	10.6 	0.754 
29.1 	9.37 	1.05 
29.4 	12.0 	1.05 
29.5 	9.60 	0.980 
29.7 	9.52 	1.05 
29.9 	11.1 	0.905 
30.1 	9.90 	0.905 
30.3 	10.8 	1.20 
30.6 	10.7 	0.830 
30.8 	10.3 	1.05 
30.9 	12.6 	1.28 
31.2 	10.6 	0.830 
31.3 	11.9 	1.20 
31.6 	10.2 	1.13 
31.7 	8.85 	0.980 
31.9 	9.23 	1.05 
32.2 	9.54 	0.905 
32.3 	10.5 	1.20 
32.5 	8.93 	1.05 
32.7 	7.05 	0.980 
33.0 	9.31 	1.13 
33.1 	7.28 	1.13 
33.3 	9.39 	1.13 
33.5 	8.64 	1.20 
33.7 	6.98 	1.28 
33.9 	8.94 	1.28 
34.1 	8.11 	1.13 
34.3 	8.34 	1.05 
34.5 	8.42 	0.905 
34.7 	9.62 	1.66 
34.9 	8.49 	0.981 
35.1 	6.23 	1.20 
35.3 	7.21 	1.13 
35.5 	8.72 	1.35 
35.8 	6.76 	1.05 
35.9 	7.14 	1.20 
36.1 	7.22 	1.13 
36.3 	6.69 	0.905 
36.5 	7.29 	1.05 
36.7 	9.63 	1.28 
37.0 	6.77 	1.35 
37.2 	7.37 	0.980 
37.4 	5.86 	1.13 
37.5 	7.30 	1.28 
37.8 	6.92 	1.13 
37.9 	7.68 	1.20 
38.1 	9.11 	1.28 
38.3 	7.00 	1.28 
38.5 	8.66 	1.13 
38.7 	10.1 	1.28 
39.0 	7.61 	1.20 
39.1 	7.31 	0.981 
39.4 	6.48 	1.28 
39.6 	5.35 	1.50 
39.7 	5.42 	1.05 
40.6 	6.41 	0.950 
41.0 	5.82 	0.523 
41.6 	4.97 	0.950 
42.0 	5.84 	0.550 
42.6 	6.03 	0.729 
43.1 	4.91 	0.633 
43.5 	5.27 	0.950 
44.0 	3.59 	0.550 
44.6 	4.63 	0.881 
45.0 	2.81 	0.660 
45.5 	4.74 	0.950 
46.1 	3.40 	0.757 
46.6 	3.36 	0.839 
47.1 	4.75 	0.688 
47.5 	5.86 	0.895 
48.1 	4.41 	0.674 
48.6 	4.47 	0.894 
49.0 	4.19 	0.715 
49.6 	4.84 	1.03 
50.0 	4.10 	0.757 
50.5 	5.23 	0.977 
51.1 	5.86 	0.798 
51.5 	4.86 	0.908 
52.0 	4.72 	0.784 
52.5 	3.87 	0.922 
53.0 	5.16 	0.881 
53.4 	2.35 	1.08 
54.0 	3.29 	0.894 
54.6 	3.79 	1.08 
55.1 	2.53 	0.867 
55.7 	1.52 	1.03 
56.1 	3.62 	0.991 
56.6 	2.95 	1.19 
57.0 	3.51 	1.00 
57.6 	2.32 	1.12 
58.0 	0.820 	0.991 
58.5 	4.62 	1.25 
59.0 	1.24 	1.21 
59.5 	3.34 	1.18 
60.8 	1.69 	0.971 
61.8 	4.77 	1.04 
62.6 	3.65 	1.11 
63.2 	2.83 	0.897 
63.8 	2.98 	0.821 
64.3 	0.747 	0.896 
65.1 	2.99 	0.822 
66.1 	3.59 	0.970 
66.7 	3.82 	0.897 
67.3 	3.97 	0.822 
68.4 	5.47 	0.822 
69.4 	4.43 	0.820 
69.7 	2.49 	1.04 
70.5 	2.27 	0.896 
71.3 	3.47 	1.04 
72.0 	3.33 	1.19 
72.6 	2.06 	1.12 
73.6 	1.99 	0.821 
74.0 	3.79 	0.897 
75.0 	1.02 	1.12 
75.9 	2.67 	1.26 
76.7 	3.35 	0.970 
77.5 	0.296 	1.19 
78.2 	1.57 	1.27 
79.1 	1.27 	1.19 
79.9 	0.832 	0.896 
80.4 	2.92 	1.12 
81.2 	2.48 	1.19 
82.3 	2.93 	1.26 
83.1 	-0.196 	1.34 
83.7 	3.54 	0.895 
84.7 	3.62 	1.04 
85.5 	0.115 	1.12 
86.4 	2.36 	1.11 
87.4 	1.69 	1.11 
88.2 	2.22 	1.12 
89.0 	1.85 	1.27 
89.8 	1.33 	1.19 
90.9 	3.13 	1.19 
91.4 	0.970 	0.897 
92.7 	0.902 	1.12 
93.6 	1.43 	1.49 
94.7 	2.70 	1.34 
95.4 	1.14 	1.12 
96.5 	1.29 	1.34 
97.4 	1.00 	1.19 
98.4 	2.35 	1.27 
99.5 	0.342 	1.26 
100 	0.868 	1.19 
101 	0.727 	1.26 
102 	-0.537 	1.11 
103 	0.589 	1.26 
104 	-0.302 	1.12 
105 	1.04 	1.56 
106 	0.681 	1.26 
107 	1.58 	1.19 
108 	-0.279 	1.19 
109 	1.36 	1.57 
111 	3.17 	1.42 
112 	1.15 	1.49 
113 	1.91 	1.49 
114 	3.71 	1.71 
115 	3.49 	1.42 
116 	1.40 	1.34 
117 	-0.230 	1.64 
119 	1.94 	1.64 
120 	0.157 	1.64 
121 	1.20 	1.42 
123 	0.321 	1.41 
124 	0.551 	1.12 
125 	2.57 	1.49 
126 	3.18 	1.12 
127 	0.720 	1.26 
129 	1.17 	1.42 
130 	0.736 	1.19 
131 	0.593 	1.49 
132 	2.01 	1.42 
134 	1.87 	1.41 
135 	3.53 	1.49 
137 	3.16 	1.71 
138 	3.24 	2.09 
