# Energy [MeV] - sigma [mb] - sigma_err [mb]
10.1 	-2.25 	0.451 
10.3 	-2.37 	0.394 
10.5 	-1.13 	0.507 
10.7 	-0.852 	0.507 
10.9 	-2.15 	0.507 
11.2 	-1.87 	0.508 
11.3 	-1.87 	0.507 
11.5 	-2.49 	0.507 
11.7 	-1.76 	0.507 
11.9 	-1.76 	0.394 
12.1 	-2.61 	0.338 
12.3 	-0.921 	0.451 
12.5 	-1.71 	0.451 
12.7 	-1.48 	0.507 
12.9 	-1.15 	0.395 
13.1 	-1.04 	0.451 
13.3 	-0.873 	0.338 
13.5 	-1.21 	0.507 
13.7 	-1.27 	0.451 
13.9 	-0.877 	0.451 
14.1 	-0.766 	0.507 
14.3 	-0.542 	0.451 
14.5 	-0.0361 	0.563 
14.7 	-0.545 	0.451 
15.0 	0.185 	0.564 
15.1 	-0.266 	0.338 
15.3 	0.0138 	0.451 
15.6 	-1.56 	0.451 
15.7 	-0.102 	0.451 
15.9 	0.0653 	0.451 
16.1 	-0.782 	0.451 
16.3 	-0.953 	0.451 
16.5 	-0.728 	0.507 
16.8 	-0.167 	0.508 
16.9 	0.0575 	0.507 
17.1 	-0.226 	0.451 
17.3 	0.280 	0.676 
17.5 	0.278 	0.620 
17.7 	0.671 	0.507 
17.9 	1.17 	0.564 
18.1 	0.330 	0.451 
18.3 	0.667 	0.338 
18.6 	1.34 	0.564 
18.7 	1.22 	0.507 
18.9 	1.50 	0.507 
19.1 	1.56 	0.563 
19.3 	2.29 	0.564 
19.5 	1.33 	0.451 
19.7 	1.67 	0.451 
19.9 	3.19 	0.507 
20.1 	2.68 	0.451 
20.4 	4.43 	0.451 
20.5 	5.27 	0.451 
20.7 	5.89 	0.620 
20.9 	7.07 	0.508 
21.1 	8.54 	0.676 
21.4 	10.3 	0.621 
21.5 	12.2 	0.564 
21.7 	15.0 	0.564 
21.8 	17.1 	0.564 
22.1 	17.1 	0.564 
22.3 	18.2 	0.564 
22.4 	18.9 	0.451 
22.7 	19.9 	0.564 
22.9 	19.7 	0.507 
23.0 	19.4 	0.620 
23.3 	19.0 	0.620 
23.4 	17.8 	0.563 
23.6 	18.1 	0.507 
23.9 	16.6 	0.451 
24.0 	14.5 	0.451 
24.3 	13.0 	0.507 
24.4 	12.2 	0.507 
24.6 	11.7 	0.451 
24.9 	11.1 	0.338 
25.0 	11.5 	0.507 
25.3 	11.7 	0.507 
25.5 	12.7 	0.451 
25.7 	12.3 	0.394 
25.8 	11.4 	0.394 
26.1 	10.8 	0.338 
26.3 	10.8 	0.451 
26.4 	9.62 	0.394 
26.7 	8.94 	0.451 
26.9 	7.98 	0.507 
27.1 	8.49 	0.394 
27.3 	7.98 	0.395 
27.5 	8.66 	0.507 
27.6 	8.49 	0.394 
27.8 	7.47 	0.563 
28.0 	7.35 	0.450 
28.2 	6.68 	0.282 
28.4 	7.29 	0.564 
28.7 	7.52 	0.338 
28.9 	7.63 	0.507 
29.0 	6.90 	0.507 
29.3 	7.34 	0.395 
29.4 	7.91 	0.564 
29.6 	7.40 	0.450 
29.8 	7.00 	0.338 
30.1 	6.66 	0.451 
30.3 	6.94 	0.451 
30.5 	7.00 	0.507 
30.6 	6.54 	0.282 
30.9 	6.20 	0.394 
31.1 	5.64 	0.394 
31.2 	5.13 	0.507 
31.4 	5.97 	0.620 
31.7 	5.75 	0.507 
31.9 	6.37 	0.564 
32.0 	5.52 	0.564 
32.3 	5.63 	0.450 
32.4 	5.18 	0.564 
32.7 	5.63 	0.450 
32.8 	6.64 	0.508 
33.1 	5.62 	0.564 
33.3 	5.68 	0.507 
33.4 	5.34 	0.451 
33.6 	4.26 	0.564 
33.9 	6.12 	0.507 
34.1 	5.11 	0.620 
34.3 	5.78 	0.508 
34.4 	5.10 	0.395 
34.6 	4.88 	0.846 
34.8 	4.48 	0.507 
35.1 	4.42 	0.620 
35.2 	5.49 	0.451 
35.4 	4.76 	0.789 
35.7 	4.53 	0.564 
35.9 	3.63 	0.620 
36.1 	5.20 	0.451 
36.3 	4.19 	0.733 
36.5 	4.58 	0.508 
36.6 	5.42 	0.507 
36.8 	4.30 	0.450 
37.1 	4.52 	0.451 
37.2 	3.90 	0.564 
37.4 	4.40 	0.451 
37.7 	4.06 	0.507 
37.8 	4.23 	0.451 
38.0 	4.23 	0.394 
38.2 	3.89 	0.393 
38.4 	3.32 	0.564 
38.7 	5.47 	0.564 
38.8 	3.49 	0.620 
39.0 	3.77 	0.677 
39.2 	3.43 	0.620 
39.5 	3.60 	0.677 
39.6 	2.86 	0.564 
41.7 	4.33 	0.393 
42.6 	3.59 	0.450 
43.3 	3.76 	0.506 
43.9 	3.20 	0.450 
44.5 	3.59 	0.450 
45.3 	2.91 	0.506 
46.1 	2.57 	0.449 
47.1 	2.97 	0.506 
47.6 	3.08 	0.450 
48.4 	2.40 	0.337 
49.3 	3.13 	0.450 
50.1 	2.96 	0.393 
50.7 	3.13 	0.506 
51.4 	2.85 	0.281 
52.2 	2.45 	0.450 
53.1 	2.22 	0.394 
53.8 	2.28 	0.506 
54.4 	1.72 	0.450 
55.2 	1.32 	0.450 
56.0 	1.66 	0.394 
56.8 	1.26 	0.506 
57.3 	1.54 	0.506 
58.1 	1.43 	0.562 
59.0 	1.93 	0.732 
59.8 	1.54 	0.619 
60.5 	1.20 	0.562 
61.2 	2.04 	0.562 
61.9 	1.42 	0.562 
62.8 	1.14 	0.619 
63.6 	2.09 	0.394 
64.1 	0.802 	0.619 
64.9 	1.08 	0.506 
65.7 	0.799 	0.506 
66.5 	1.58 	0.675 
67.3 	0.571 	0.562 
67.9 	1.18 	0.675 
68.7 	0.850 	0.619 
69.5 	0.398 	0.731 
70.3 	0.228 	0.506 
70.8 	1.01 	0.506 
71.6 	0.620 	0.506 
72.2 	2.19 	0.618 
73.2 	1.29 	0.506 
73.6 	1.46 	0.506 
74.4 	1.00 	0.506 
75.4 	1.34 	0.562 
76.0 	1.00 	0.562 
77.0 	0.497 	0.675 
77.8 	2.46 	0.900 
78.6 	0.551 	0.675 
79.2 	0.887 	0.675 
79.8 	0.323 	0.562 
80.5 	0.378 	0.450 
81.1 	0.321 	0.674 
82.2 	1.05 	0.787 
82.7 	0.318 	0.563 
83.3 	0.598 	0.562 
84.1 	0.484 	0.506 
85.1 	0.595 	0.618 
86.0 	0.593 	0.787 
86.8 	0.536 	0.506 
87.3 	1.09 	0.731 
88.3 	0.0834 	0.506 
89.4 	0.419 	0.562 
90.2 	0.530 	0.562 
91.1 	0.359 	0.618 
92.1 	1.14 	0.562 
92.9 	0.806 	0.393 
93.8 	1.08 	0.675 
94.9 	0.577 	0.619 
95.7 	1.75 	0.675 
96.8 	1.30 	0.506 
97.8 	0.966 	0.562 
98.8 	0.739 	0.450 
99.9 	0.231 	0.619 
100 	1.18 	0.562 
101 	0.340 	0.450 
102 	0.564 	0.562 
103 	0.786 	0.563 
104 	0.222 	0.899 
105 	1.90 	0.787 
106 	1.17 	0.618 
107 	0.666 	0.899 
109 	0.383 	0.900 
110 	0.212 	0.675 
111 	1.33 	0.787 
112 	0.659 	0.674 
113 	0.319 	0.731 
114 	1.61 	0.900 
115 	0.0342 	0.618 
116 	-0.361 	0.562 
117 	-0.195 	0.562 
118 	0.703 	0.618 
120 	0.0253 	0.675 
121 	0.979 	0.675 
122 	0.189 	0.619 
123 	-0.149 	0.450 
125 	1.02 	0.562 
126 	1.19 	0.731 
127 	0.405 	0.562 
128 	0.853 	0.675 
130 	0.682 	0.562 
131 	0.848 	0.787 
132 	-0.166 	0.844 
134 	0.169 	0.731 
135 	-0.227 	0.787 
136 	0.558 	0.899 
138 	-0.288 	0.957 

